0.0,1.0
0.0,1.0
10.0,1.0
15.0,3.0
20.0,3.0
25.0,4.0
30.0,4.0
35.0,3.0
40.0,3.0
45.0,2.0
60.0,2.0
65.0,1.0
70.0,1.0
75.0,4.0
80.0,4.0
85.0,1.0
90.0,1.0
95.0,3.0
110.0,3.0
115.0,2.0
120.0,2.0
125.0,4.0
130.0,4.0
135.0,3.0
140.0,3.0
145.0,4.0
160.0,4.0
165.0,1.0
170.0,1.0
175.0,2.0
180.0,2.0
185.0,4.0
190.0,4.0
195.0,2.0
200.0,2.0
205.0,1.0
220.0,1.0
225.0,4.0
240.0,4.0
245.0,3.0
250.0,3.0
255.0,4.0
260.0,4.0
265.0,3.0
270.0,3.0
275.0,1.0
280.0,1.0
285.0,3.0
320.0,3.0
325.0,4.0
330.0,4.0
335.0,3.0
340.0,3.0
345.0,1.0
350.0,1.0
355.0,2.0
380.0,2.0
385.0,1.0
390.0,1.0
395.0,2.0
400.0,2.0
405.0,3.0
420.0,3.0
425.0,4.0
430.0,4.0
435.0,3.0
440.0,3.0
445.0,2.0
450.0,2.0
455.0,3.0
460.0,3.0
465.0,4.0
470.0,4.0
475.0,1.0
480.0,1.0
485.0,3.0
490.0,3.0
495.0,1.0
500.0,1.0
505.0,2.0
510.0,2.0
515.0,1.0
520.0,1.0
525.0,2.0
530.0,2.0
535.0,4.0
540.0,4.0
545.0,3.0
550.0,3.0
555.0,2.0
560.0,2.0
565.0,3.0
590.0,3.0
595.0,4.0
600.0,4.0
605.0,1.0
610.0,1.0
615.0,2.0
620.0,2.0
625.0,1.0
630.0,1.0
635.0,2.0
640.0,2.0
645.0,4.0
650.0,4.0
655.0,3.0
670.0,3.0
675.0,4.0
690.0,4.0
695.0,2.0
700.0,2.0
705.0,3.0
710.0,3.0
715.0,2.0
730.0,2.0
735.0,1.0
750.0,1.0
755.0,3.0
760.0,3.0
765.0,1.0
810.0,1.0
815.0,4.0
820.0,4.0
825.0,1.0
840.0,1.0
845.0,4.0
850.0,4.0
855.0,3.0
860.0,3.0
865.0,1.0
870.0,1.0
875.0,2.0
880.0,2.0
885.0,1.0
890.0,1.0
895.0,4.0
900.0,4.0
905.0,3.0
910.0,3.0
915.0,2.0
920.0,2.0
925.0,1.0
970.0,1.0
975.0,4.0
990.0,4.0
995.0,1.0
1000.0,1.0
1005.0,2.0
1010.0,2.0
1015.0,4.0
1020.0,4.0
1025.0,1.0
1030.0,1.0
1035.0,4.0
1040.0,4.0
1045.0,1.0
1060.0,1.0
1065.0,3.0
1070.0,3.0
1075.0,2.0
1080.0,2.0
1085.0,1.0
1110.0,1.0
1115.0,3.0
1120.0,3.0
1125.0,1.0
1140.0,1.0
1145.0,4.0
1160.0,4.0
1165.0,1.0
1170.0,1.0
1175.0,3.0
1180.0,3.0
1185.0,1.0
1190.0,1.0
1195.0,4.0
1200.0,4.0
1205.0,1.0
1210.0,1.0
1215.0,3.0
1220.0,3.0
1225.0,1.0
1230.0,1.0
1235.0,3.0
1240.0,3.0
1245.0,1.0
1260.0,1.0
1265.0,4.0
1270.0,4.0
1275.0,2.0
1280.0,2.0
1285.0,1.0
1300.0,1.0
1305.0,3.0
1310.0,3.0
1315.0,2.0
1320.0,2.0
1325.0,1.0
1330.0,1.0
1335.0,2.0
1340.0,2.0
1345.0,3.0
1350.0,3.0
1355.0,4.0
1360.0,4.0
1365.0,2.0
1370.0,2.0
1375.0,3.0
1380.0,3.0
1385.0,1.0
1400.0,1.0
1405.0,2.0
1420.0,2.0
1425.0,1.0
1430.0,1.0
1435.0,2.0
1460.0,2.0
1465.0,1.0
1470.0,1.0
1475.0,2.0
1480.0,2.0
1485.0,1.0
1500.0,1.0
1505.0,3.0
1510.0,3.0
1515.0,2.0
1520.0,2.0
1525.0,1.0
1550.0,1.0
1555.0,2.0
1560.0,2.0
1565.0,1.0
1580.0,1.0
1585.0,2.0
1590.0,2.0
1595.0,3.0
1630.0,3.0
1635.0,1.0
1640.0,1.0
1645.0,2.0
1650.0,2.0
1655.0,4.0
1690.0,4.0
1695.0,2.0
1710.0,2.0
1715.0,1.0
1730.0,1.0
1735.0,4.0
1740.0,4.0
1745.0,2.0
1750.0,2.0
1755.0,1.0
1760.0,1.0
1765.0,4.0
1770.0,4.0
1775.0,1.0
1790.0,1.0
1795.0,4.0
1800.0,4.0
1805.0,1.0
1820.0,1.0
1825.0,2.0
1840.0,2.0
1845.0,4.0
1850.0,4.0
1855.0,2.0
1860.0,2.0
1865.0,3.0
1870.0,3.0
1875.0,2.0
1880.0,2.0
1885.0,1.0
1890.0,1.0
1895.0,3.0
1900.0,3.0
1905.0,1.0
1910.0,1.0
1915.0,4.0
1920.0,4.0
1925.0,1.0
1940.0,1.0
1945.0,3.0
1950.0,3.0
1955.0,2.0
1960.0,2.0
1965.0,1.0
1970.0,1.0
1975.0,3.0
1980.0,3.0
1985.0,4.0
1990.0,4.0
1995.0,1.0
2000.0,1.0
2005.0,4.0
2010.0,4.0
2015.0,2.0
2020.0,2.0
2025.0,4.0
2030.0,4.0
2035.0,2.0
2040.0,2.0
2045.0,3.0
2050.0,3.0
2055.0,4.0
2060.0,4.0
2065.0,1.0
2070.0,1.0
2075.0,3.0
2080.0,3.0
2085.0,1.0
2090.0,1.0
2095.0,2.0
2100.0,2.0
2105.0,4.0
2110.0,4.0
2115.0,3.0
2120.0,3.0
2125.0,4.0
2130.0,4.0
2135.0,2.0
2140.0,2.0
2145.0,1.0
2150.0,1.0
2155.0,3.0
2160.0,3.0
2165.0,2.0
2170.0,2.0
2175.0,3.0
2190.0,3.0
2195.0,1.0
2230.0,1.0
2235.0,2.0
2240.0,2.0
2245.0,1.0
2260.0,1.0
2265.0,2.0
2270.0,2.0
2275.0,1.0
2280.0,1.0
2285.0,3.0
2290.0,3.0
2295.0,2.0
2300.0,2.0
2305.0,4.0
2340.0,4.0
2345.0,2.0
2350.0,2.0
2355.0,4.0
2360.0,4.0
2365.0,1.0
2380.0,1.0
2385.0,3.0
2390.0,3.0
2395.0,1.0
2400.0,1.0
2405.0,2.0
2410.0,2.0
2415.0,3.0
2420.0,3.0
2425.0,1.0
2450.0,1.0
2455.0,4.0
2460.0,4.0
2465.0,1.0
2470.0,1.0
2475.0,4.0
2480.0,4.0
2485.0,3.0
2490.0,3.0
2495.0,4.0
2500.0,4.0
2505.0,3.0
2510.0,3.0
2515.0,1.0
2520.0,1.0
2525.0,4.0
2530.0,4.0
2535.0,2.0
2550.0,2.0
2555.0,1.0
2570.0,1.0
2575.0,3.0
2590.0,3.0
2595.0,4.0
2600.0,4.0
2605.0,2.0
2630.0,2.0
2635.0,4.0
2650.0,4.0
2655.0,2.0
2660.0,2.0
2665.0,1.0
2690.0,1.0
2695.0,4.0
2700.0,4.0
2705.0,3.0
2720.0,3.0
2725.0,1.0
2740.0,1.0
2745.0,4.0
2760.0,4.0
2765.0,2.0
2770.0,2.0
2775.0,1.0
2790.0,1.0
2795.0,4.0
2810.0,4.0
2815.0,2.0
2820.0,2.0
2825.0,3.0
2830.0,3.0
2835.0,4.0
2840.0,4.0
2845.0,3.0
2850.0,3.0
2855.0,1.0
2860.0,1.0
2865.0,2.0
2870.0,2.0
2875.0,3.0
2880.0,3.0
2885.0,4.0
2900.0,4.0
2905.0,1.0
2920.0,1.0
2925.0,4.0
2930.0,4.0
2935.0,3.0
2950.0,3.0
2955.0,2.0
2960.0,2.0
2965.0,1.0
2980.0,1.0
2985.0,4.0
2990.0,4.0
2995.0,1.0
3000.0,1.0
3005.0,4.0
3010.0,4.0
3015.0,2.0
3020.0,2.0
3025.0,4.0
3030.0,4.0
3035.0,1.0
3040.0,1.0
3045.0,4.0
3050.0,4.0
3055.0,1.0
3070.0,1.0
3075.0,2.0
3080.0,2.0
3085.0,1.0
3090.0,1.0
3095.0,2.0
3110.0,2.0
3115.0,4.0
3150.0,4.0
3155.0,2.0
3160.0,2.0
3165.0,3.0
3170.0,3.0
3175.0,4.0
3200.0,4.0
3205.0,2.0
3210.0,2.0
3215.0,1.0
3240.0,1.0
3245.0,3.0
3250.0,3.0
3255.0,1.0
3270.0,1.0
3275.0,3.0
3280.0,3.0
3285.0,1.0
3290.0,1.0
3295.0,2.0
3300.0,2.0
3305.0,1.0
3310.0,1.0
3315.0,2.0
3330.0,2.0
3335.0,4.0
3340.0,4.0
3345.0,1.0
3350.0,1.0
3355.0,4.0
3360.0,4.0
3365.0,1.0
3370.0,1.0
3375.0,2.0
3380.0,2.0
3385.0,4.0
3390.0,4.0
3395.0,3.0
3400.0,3.0
3405.0,1.0
3410.0,1.0
3415.0,3.0
3430.0,3.0
3435.0,1.0
3460.0,1.0
3465.0,2.0
3470.0,2.0
3475.0,3.0
3480.0,3.0
3485.0,4.0
3490.0,4.0
3495.0,1.0
3510.0,1.0
3515.0,2.0
3520.0,2.0
3525.0,3.0
3530.0,3.0
3535.0,2.0
3550.0,2.0
3555.0,1.0
3570.0,1.0
3575.0,4.0
3580.0,4.0
3585.0,2.0
3590.0,2.0
3595.0,3.0
0.0,1.0
0.0,1.0
0.0,1.0
0.0,1.0
0.0,1.0
