0.0,1.0
0.0,1.0
10.0,1.0
15.0,4.0
20.0,4.0
25.0,1.0
100.0,1.0
105.0,2.0
110.0,2.0
115.0,1.0
180.0,1.0
185.0,4.0
190.0,4.0
195.0,1.0
240.0,1.0
245.0,2.0
250.0,2.0
255.0,1.0
260.0,1.0
265.0,2.0
270.0,2.0
275.0,1.0
280.0,1.0
285.0,2.0
290.0,2.0
295.0,1.0
320.0,1.0
325.0,2.0
330.0,2.0
335.0,1.0
340.0,1.0
345.0,3.0
350.0,3.0
355.0,1.0
360.0,1.0
365.0,3.0
380.0,3.0
385.0,1.0
390.0,1.0
395.0,2.0
410.0,2.0
415.0,1.0
470.0,1.0
475.0,2.0
480.0,2.0
485.0,1.0
490.0,1.0
495.0,2.0
500.0,2.0
505.0,1.0
510.0,1.0
515.0,4.0
520.0,4.0
525.0,3.0
530.0,3.0
535.0,1.0
550.0,1.0
555.0,4.0
560.0,4.0
565.0,1.0
570.0,1.0
575.0,2.0
590.0,2.0
595.0,1.0
600.0,1.0
605.0,4.0
610.0,4.0
615.0,1.0
620.0,1.0
625.0,3.0
630.0,3.0
635.0,2.0
640.0,2.0
645.0,1.0
650.0,1.0
655.0,2.0
660.0,2.0
665.0,1.0
750.0,1.0
755.0,2.0
760.0,2.0
765.0,1.0
780.0,1.0
785.0,2.0
790.0,2.0
795.0,1.0
820.0,1.0
825.0,2.0
830.0,2.0
835.0,1.0
850.0,1.0
855.0,2.0
860.0,2.0
865.0,1.0
870.0,1.0
875.0,2.0
880.0,2.0
885.0,1.0
910.0,1.0
915.0,2.0
920.0,2.0
925.0,1.0
930.0,1.0
935.0,2.0
940.0,2.0
945.0,1.0
970.0,1.0
975.0,2.0
980.0,2.0
985.0,1.0
1000.0,1.0
1005.0,4.0
1010.0,4.0
1015.0,2.0
1020.0,2.0
1025.0,1.0
1070.0,1.0
1075.0,3.0
1080.0,3.0
1085.0,1.0
1090.0,1.0
1095.0,2.0
1100.0,2.0
1105.0,1.0
1110.0,1.0
1115.0,2.0
1120.0,2.0
1125.0,4.0
1130.0,4.0
1135.0,1.0
1140.0,1.0
1145.0,4.0
1150.0,4.0
1155.0,1.0
1160.0,1.0
1165.0,2.0
1170.0,2.0
1175.0,3.0
1180.0,3.0
1185.0,1.0
1200.0,1.0
1205.0,2.0
1220.0,2.0
1225.0,1.0
1260.0,1.0
1265.0,2.0
1270.0,2.0
1275.0,1.0
1320.0,1.0
1325.0,3.0
1330.0,3.0
1335.0,1.0
1350.0,1.0
1355.0,2.0
1360.0,2.0
1365.0,1.0
1390.0,1.0
1395.0,2.0
1400.0,2.0
1405.0,1.0
1410.0,1.0
1415.0,2.0
1420.0,2.0
1425.0,1.0
1430.0,1.0
1435.0,3.0
1440.0,3.0
1445.0,2.0
1450.0,2.0
1455.0,1.0
1470.0,1.0
1475.0,4.0
1480.0,4.0
1485.0,1.0
1500.0,1.0
1505.0,2.0
1510.0,2.0
1515.0,1.0
1550.0,1.0
1555.0,2.0
1560.0,2.0
1565.0,1.0
1590.0,1.0
1595.0,2.0
1600.0,2.0
1605.0,1.0
1630.0,1.0
1635.0,2.0
1640.0,2.0
1645.0,1.0
1680.0,1.0
1685.0,4.0
1690.0,4.0
1695.0,1.0
1700.0,1.0
1705.0,2.0
1710.0,2.0
1715.0,1.0
1720.0,1.0
1725.0,2.0
1730.0,2.0
1735.0,1.0
1740.0,1.0
1745.0,4.0
1750.0,4.0
1755.0,1.0
1770.0,1.0
1775.0,2.0
1780.0,2.0
1785.0,1.0
1790.0,1.0
1795.0,2.0
1800.0,2.0
1805.0,1.0
1870.0,1.0
1875.0,2.0
1880.0,2.0
1885.0,1.0
1890.0,1.0
1895.0,2.0
1900.0,2.0
1905.0,1.0
1920.0,1.0
1925.0,2.0
1930.0,2.0
1935.0,1.0
1950.0,1.0
1955.0,2.0
1960.0,2.0
1965.0,1.0
1970.0,1.0
1975.0,2.0
1980.0,2.0
1985.0,1.0
1990.0,1.0
1995.0,2.0
2000.0,2.0
2005.0,1.0
2010.0,1.0
2015.0,3.0
2020.0,3.0
2025.0,1.0
2030.0,1.0
2035.0,2.0
2040.0,2.0
2045.0,1.0
2070.0,1.0
2075.0,2.0
2080.0,2.0
2085.0,1.0
2100.0,1.0
2105.0,4.0
2110.0,4.0
2115.0,1.0
2150.0,1.0
2155.0,2.0
2160.0,2.0
2165.0,1.0
2170.0,1.0
2175.0,4.0
2180.0,4.0
2185.0,1.0
2190.0,1.0
2195.0,2.0
2200.0,2.0
2205.0,1.0
2210.0,1.0
2215.0,2.0
2220.0,2.0
2225.0,1.0
2240.0,1.0
2245.0,2.0
2250.0,2.0
2255.0,1.0
2280.0,1.0
2285.0,2.0
2290.0,2.0
2295.0,1.0
2300.0,1.0
2305.0,3.0
2310.0,3.0
2315.0,1.0
2320.0,1.0
2325.0,4.0
2340.0,4.0
2345.0,1.0
2350.0,1.0
2355.0,2.0
2360.0,2.0
2365.0,1.0
2380.0,1.0
2385.0,2.0
2390.0,2.0
2395.0,1.0
2400.0,1.0
2405.0,2.0
2410.0,2.0
2415.0,1.0
2430.0,1.0
2435.0,2.0
2440.0,2.0
2445.0,1.0
2450.0,1.0
2455.0,2.0
2460.0,2.0
2465.0,1.0
2520.0,1.0
2525.0,2.0
2530.0,2.0
2535.0,1.0
2550.0,1.0
2555.0,3.0
2560.0,3.0
2565.0,1.0
2570.0,1.0
2575.0,2.0
2580.0,2.0
2585.0,1.0
2590.0,1.0
2595.0,3.0
2600.0,3.0
2605.0,2.0
2610.0,2.0
2615.0,1.0
2630.0,1.0
2635.0,2.0
2640.0,2.0
2645.0,1.0
2670.0,1.0
2675.0,4.0
2680.0,4.0
2685.0,2.0
2690.0,2.0
2695.0,4.0
2700.0,4.0
2705.0,1.0
2720.0,1.0
2725.0,2.0
2730.0,2.0
2735.0,1.0
2750.0,1.0
2755.0,2.0
2760.0,2.0
2765.0,1.0
2780.0,1.0
2785.0,2.0
2790.0,2.0
2795.0,3.0
2800.0,3.0
2805.0,1.0
2820.0,1.0
2825.0,2.0
2830.0,2.0
2835.0,1.0
2860.0,1.0
2865.0,2.0
2870.0,2.0
2875.0,1.0
2880.0,1.0
2885.0,2.0
2890.0,2.0
2895.0,1.0
2950.0,1.0
2955.0,2.0
2960.0,2.0
2965.0,1.0
2980.0,1.0
2985.0,4.0
2990.0,4.0
2995.0,3.0
3020.0,3.0
3025.0,1.0
3050.0,1.0
3055.0,3.0
3060.0,3.0
3065.0,1.0
3070.0,1.0
3075.0,2.0
3080.0,2.0
3085.0,1.0
3090.0,1.0
3095.0,2.0
3100.0,2.0
3105.0,1.0
3120.0,1.0
3125.0,2.0
3130.0,2.0
3135.0,1.0
3140.0,1.0
3145.0,2.0
3150.0,2.0
3155.0,1.0
3210.0,1.0
3215.0,4.0
3220.0,4.0
3225.0,1.0
3260.0,1.0
3265.0,2.0
3270.0,2.0
3275.0,1.0
3280.0,1.0
3285.0,2.0
3290.0,2.0
3295.0,1.0
3300.0,1.0
3305.0,2.0
3310.0,2.0
3315.0,1.0
3340.0,1.0
3345.0,3.0
3350.0,3.0
3355.0,1.0
3360.0,1.0
3365.0,2.0
3370.0,2.0
3375.0,1.0
3380.0,1.0
3385.0,2.0
3390.0,2.0
3395.0,4.0
3400.0,4.0
3405.0,1.0
3450.0,1.0
3455.0,2.0
3460.0,2.0
3465.0,1.0
3470.0,1.0
3475.0,2.0
3480.0,2.0
3485.0,1.0
3530.0,1.0
3535.0,3.0
3540.0,3.0
3545.0,2.0
3550.0,2.0
3555.0,1.0
