0.0,1.0
0.0,1.0
80.0,1.0
85.0,2.0
90.0,2.0
95.0,1.0
140.0,1.0
145.0,2.0
150.0,2.0
155.0,1.0
180.0,1.0
185.0,2.0
190.0,2.0
195.0,1.0
240.0,1.0
245.0,2.0
250.0,2.0
255.0,1.0
260.0,1.0
265.0,2.0
270.0,2.0
275.0,1.0
290.0,1.0
295.0,2.0
300.0,2.0
305.0,1.0
330.0,1.0
335.0,2.0
340.0,2.0
345.0,1.0
370.0,1.0
375.0,2.0
380.0,2.0
385.0,1.0
390.0,1.0
395.0,2.0
400.0,2.0
405.0,1.0
430.0,1.0
435.0,2.0
440.0,2.0
445.0,3.0
450.0,3.0
455.0,4.0
460.0,4.0
465.0,3.0
470.0,3.0
475.0,1.0
480.0,1.0
485.0,3.0
490.0,3.0
495.0,1.0
500.0,1.0
505.0,2.0
510.0,2.0
515.0,1.0
530.0,1.0
535.0,2.0
540.0,2.0
545.0,1.0
550.0,1.0
555.0,2.0
560.0,2.0
565.0,1.0
590.0,1.0
595.0,2.0
600.0,2.0
605.0,1.0
610.0,1.0
615.0,2.0
620.0,2.0
625.0,1.0
650.0,1.0
655.0,2.0
660.0,2.0
665.0,3.0
670.0,3.0
675.0,1.0
680.0,1.0
685.0,4.0
690.0,4.0
695.0,1.0
720.0,1.0
725.0,2.0
730.0,2.0
735.0,1.0
750.0,1.0
755.0,2.0
760.0,2.0
765.0,1.0
770.0,1.0
775.0,2.0
780.0,2.0
785.0,1.0
800.0,1.0
805.0,2.0
810.0,2.0
815.0,1.0
840.0,1.0
845.0,2.0
850.0,2.0
855.0,4.0
870.0,4.0
875.0,1.0
880.0,1.0
885.0,2.0
890.0,2.0
895.0,1.0
920.0,1.0
925.0,2.0
930.0,2.0
935.0,1.0
960.0,1.0
965.0,3.0
970.0,3.0
975.0,1.0
980.0,1.0
985.0,2.0
990.0,2.0
995.0,1.0
1000.0,1.0
1005.0,2.0
1020.0,2.0
1025.0,1.0
1060.0,1.0
1065.0,2.0
1070.0,2.0
1075.0,1.0
1090.0,1.0
1095.0,2.0
1100.0,2.0
1105.0,1.0
1110.0,1.0
1115.0,2.0
1120.0,2.0
1125.0,4.0
1130.0,4.0
1135.0,3.0
1140.0,3.0
1145.0,1.0
1150.0,1.0
1155.0,2.0
1160.0,2.0
1165.0,1.0
1190.0,1.0
1195.0,2.0
1200.0,2.0
1205.0,1.0
1210.0,1.0
1215.0,2.0
1220.0,2.0
1225.0,1.0
1240.0,1.0
1245.0,2.0
1250.0,2.0
1255.0,1.0
1290.0,1.0
1295.0,2.0
1300.0,2.0
1305.0,1.0
1310.0,1.0
1315.0,2.0
1320.0,2.0
1325.0,1.0
1340.0,1.0
1345.0,2.0
1350.0,2.0
1355.0,1.0
1360.0,1.0
1365.0,3.0
1370.0,3.0
1375.0,1.0
1380.0,1.0
1385.0,2.0
1390.0,2.0
1395.0,1.0
1400.0,1.0
1405.0,2.0
1410.0,2.0
1415.0,4.0
1420.0,4.0
1425.0,1.0
1510.0,1.0
1515.0,2.0
1520.0,2.0
1525.0,1.0
1550.0,1.0
1555.0,2.0
1560.0,2.0
1565.0,1.0
1570.0,1.0
1575.0,2.0
1580.0,2.0
1585.0,1.0
1590.0,1.0
1595.0,2.0
1600.0,2.0
1605.0,1.0
1610.0,1.0
1615.0,3.0
1620.0,3.0
1625.0,1.0
1640.0,1.0
1645.0,3.0
1650.0,3.0
1655.0,2.0
1660.0,2.0
1665.0,1.0
1700.0,1.0
1705.0,2.0
1710.0,2.0
1715.0,1.0
1720.0,1.0
1725.0,3.0
1730.0,3.0
1735.0,2.0
1740.0,2.0
1745.0,1.0
1750.0,1.0
1755.0,2.0
1760.0,2.0
1765.0,1.0
1770.0,1.0
1775.0,4.0
1780.0,4.0
1785.0,1.0
1790.0,1.0
1795.0,2.0
1810.0,2.0
1815.0,4.0
1820.0,4.0
1825.0,1.0
1840.0,1.0
1845.0,4.0
1850.0,4.0
1855.0,1.0
1870.0,1.0
1875.0,2.0
1880.0,2.0
1885.0,1.0
1890.0,1.0
1895.0,2.0
1900.0,2.0
1905.0,1.0
1960.0,1.0
1965.0,2.0
1970.0,2.0
1975.0,1.0
2000.0,1.0
2005.0,2.0
2010.0,2.0
2015.0,1.0
2020.0,1.0
2025.0,2.0
2030.0,2.0
2035.0,1.0
2040.0,1.0
2045.0,2.0
2050.0,2.0
2055.0,3.0
2060.0,3.0
2065.0,1.0
2080.0,1.0
2085.0,2.0
2100.0,2.0
2105.0,1.0
2120.0,1.0
2125.0,2.0
2130.0,2.0
2135.0,1.0
2140.0,1.0
2145.0,2.0
2150.0,2.0
2155.0,1.0
2160.0,1.0
2165.0,2.0
2170.0,2.0
2175.0,1.0
2180.0,1.0
2185.0,2.0
2190.0,2.0
2195.0,1.0
2200.0,1.0
2205.0,2.0
2210.0,2.0
2215.0,1.0
2240.0,1.0
2245.0,3.0
2250.0,3.0
2255.0,1.0
2260.0,1.0
2265.0,2.0
2270.0,2.0
2275.0,1.0
2290.0,1.0
2295.0,2.0
2300.0,2.0
2305.0,1.0
2330.0,1.0
2335.0,3.0
2340.0,3.0
2345.0,1.0
2350.0,1.0
2355.0,2.0
2360.0,2.0
2365.0,3.0
2370.0,3.0
2375.0,1.0
2390.0,1.0
2395.0,2.0
2400.0,2.0
2405.0,1.0
2410.0,1.0
2415.0,2.0
2420.0,2.0
2425.0,1.0
2430.0,1.0
2435.0,4.0
2440.0,4.0
2445.0,2.0
2450.0,2.0
2455.0,1.0
2460.0,1.0
2465.0,2.0
2470.0,2.0
2475.0,1.0
2480.0,1.0
2485.0,2.0
2490.0,2.0
2495.0,1.0
2510.0,1.0
2515.0,3.0
2520.0,3.0
2525.0,1.0
2550.0,1.0
2555.0,2.0
2560.0,2.0
2565.0,1.0
2570.0,1.0
2575.0,3.0
2580.0,3.0
2585.0,1.0
2590.0,1.0
2595.0,2.0
2600.0,2.0
2605.0,1.0
2630.0,1.0
2635.0,2.0
2640.0,2.0
2645.0,1.0
2660.0,1.0
2665.0,2.0
2670.0,2.0
2675.0,1.0
2750.0,1.0
2755.0,3.0
2760.0,3.0
2765.0,2.0
2770.0,2.0
2775.0,1.0
2780.0,1.0
2785.0,2.0
2790.0,2.0
2795.0,1.0
2810.0,1.0
2815.0,2.0
2820.0,2.0
2825.0,1.0
2840.0,1.0
2845.0,2.0
2850.0,2.0
2855.0,1.0
2860.0,1.0
2865.0,2.0
2870.0,2.0
2875.0,4.0
2880.0,4.0
2885.0,1.0
2950.0,1.0
2955.0,2.0
2960.0,2.0
2965.0,1.0
2980.0,1.0
2985.0,3.0
2990.0,3.0
2995.0,1.0
3010.0,1.0
3015.0,2.0
3020.0,2.0
3025.0,1.0
3070.0,1.0
3075.0,2.0
3080.0,2.0
3085.0,3.0
3090.0,3.0
3095.0,2.0
3100.0,2.0
3105.0,1.0
3190.0,1.0
3195.0,2.0
3200.0,2.0
3205.0,1.0
3210.0,1.0
3215.0,4.0
3220.0,4.0
3225.0,2.0
3230.0,2.0
3235.0,1.0
3260.0,1.0
3265.0,2.0
3270.0,2.0
3275.0,1.0
3280.0,1.0
3285.0,2.0
3290.0,2.0
3295.0,1.0
3310.0,1.0
3315.0,2.0
3320.0,2.0
3325.0,1.0
3340.0,1.0
3345.0,2.0
3350.0,2.0
3355.0,1.0
3370.0,1.0
3375.0,2.0
3380.0,2.0
3385.0,1.0
3390.0,1.0
3395.0,2.0
3400.0,2.0
3405.0,1.0
3410.0,1.0
3415.0,2.0
3420.0,2.0
3425.0,1.0
3430.0,1.0
3435.0,2.0
3440.0,2.0
3445.0,1.0
3450.0,1.0
3455.0,2.0
3460.0,2.0
3465.0,1.0
3470.0,1.0
3475.0,2.0
3480.0,2.0
3485.0,3.0
3490.0,3.0
3495.0,1.0
3510.0,1.0
3515.0,2.0
3520.0,2.0
3525.0,1.0
3530.0,1.0
3535.0,2.0
3540.0,2.0
3545.0,1.0
3560.0,1.0
3565.0,2.0
3570.0,2.0
3575.0,1.0
3580.0,1.0
3585.0,3.0
3590.0,3.0
3595.0,1.0
