0.0,1.0
0.0,1.0
0.0,1.0
5.0,4.0
30.0,4.0
35.0,1.0
40.0,1.0
45.0,4.0
70.0,4.0
75.0,1.0
80.0,1.0
85.0,4.0
90.0,4.0
95.0,1.0
110.0,1.0
115.0,2.0
120.0,2.0
125.0,1.0
160.0,1.0
165.0,4.0
170.0,4.0
175.0,2.0
190.0,2.0
195.0,1.0
210.0,1.0
215.0,2.0
220.0,2.0
225.0,1.0
230.0,1.0
235.0,4.0
240.0,4.0
245.0,1.0
280.0,1.0
285.0,2.0
290.0,2.0
295.0,1.0
310.0,1.0
315.0,2.0
320.0,2.0
325.0,1.0
330.0,1.0
335.0,2.0
340.0,2.0
345.0,1.0
350.0,1.0
355.0,2.0
360.0,2.0
365.0,3.0
370.0,3.0
375.0,1.0
380.0,1.0
385.0,2.0
390.0,2.0
395.0,1.0
410.0,1.0
415.0,2.0
420.0,2.0
425.0,1.0
460.0,1.0
465.0,2.0
470.0,2.0
475.0,1.0
480.0,1.0
485.0,2.0
490.0,2.0
495.0,1.0
540.0,1.0
545.0,3.0
550.0,3.0
555.0,1.0
570.0,1.0
575.0,2.0
590.0,2.0
595.0,1.0
600.0,1.0
605.0,2.0
610.0,2.0
615.0,1.0
650.0,1.0
655.0,2.0
660.0,2.0
665.0,1.0
730.0,1.0
735.0,2.0
740.0,2.0
745.0,1.0
770.0,1.0
775.0,2.0
780.0,2.0
785.0,1.0
800.0,1.0
805.0,2.0
810.0,2.0
815.0,1.0
830.0,1.0
835.0,2.0
840.0,2.0
845.0,1.0
850.0,1.0
855.0,3.0
860.0,3.0
865.0,1.0
870.0,1.0
875.0,2.0
880.0,2.0
885.0,1.0
900.0,1.0
905.0,2.0
920.0,2.0
925.0,1.0
930.0,1.0
935.0,2.0
940.0,2.0
945.0,1.0
950.0,1.0
955.0,4.0
960.0,4.0
965.0,1.0
970.0,1.0
975.0,4.0
980.0,4.0
985.0,1.0
1000.0,1.0
1005.0,2.0
1010.0,2.0
1015.0,1.0
1060.0,1.0
1065.0,2.0
1070.0,2.0
1075.0,1.0
1090.0,1.0
1095.0,2.0
1100.0,2.0
1105.0,1.0
1120.0,1.0
1125.0,2.0
1130.0,2.0
1135.0,1.0
1140.0,1.0
1145.0,2.0
1150.0,2.0
1155.0,1.0
1230.0,1.0
1235.0,2.0
1240.0,2.0
1245.0,1.0
1260.0,1.0
1265.0,2.0
1270.0,2.0
1275.0,1.0
1280.0,1.0
1285.0,4.0
1290.0,4.0
1295.0,1.0
1310.0,1.0
1315.0,2.0
1320.0,2.0
1325.0,1.0
1330.0,1.0
1335.0,4.0
1340.0,4.0
1345.0,1.0
1360.0,1.0
1365.0,4.0
1370.0,4.0
1375.0,2.0
1380.0,2.0
1385.0,1.0
1410.0,1.0
1415.0,4.0
1420.0,4.0
1425.0,2.0
1430.0,2.0
1435.0,1.0
1470.0,1.0
1475.0,4.0
1480.0,4.0
1485.0,1.0
1490.0,1.0
1495.0,3.0
1510.0,3.0
1515.0,1.0
1530.0,1.0
1535.0,2.0
1540.0,2.0
1545.0,1.0
1550.0,1.0
1555.0,2.0
1560.0,2.0
1565.0,1.0
1570.0,1.0
1575.0,2.0
1580.0,2.0
1585.0,1.0
1590.0,1.0
1595.0,3.0
1600.0,3.0
1605.0,1.0
1610.0,1.0
1615.0,2.0
1630.0,2.0
1635.0,3.0
1640.0,3.0
1645.0,1.0
1650.0,1.0
1655.0,4.0
1660.0,4.0
1665.0,1.0
1680.0,1.0
1685.0,2.0
1690.0,2.0
1695.0,1.0
1720.0,1.0
1725.0,2.0
1730.0,2.0
1735.0,1.0
1740.0,1.0
1745.0,2.0
1750.0,2.0
1755.0,1.0
1790.0,1.0
1795.0,2.0
1800.0,2.0
1805.0,1.0
1810.0,1.0
1815.0,3.0
1820.0,3.0
1825.0,4.0
1830.0,4.0
1835.0,1.0
1890.0,1.0
1895.0,2.0
1910.0,2.0
1915.0,3.0
1920.0,3.0
1925.0,1.0
1940.0,1.0
1945.0,2.0
1950.0,2.0
1955.0,1.0
1990.0,1.0
1995.0,3.0
2000.0,3.0
2005.0,2.0
2010.0,2.0
2015.0,3.0
2020.0,3.0
2025.0,1.0
2040.0,1.0
2045.0,2.0
2050.0,2.0
2055.0,1.0
2060.0,1.0
2065.0,2.0
2070.0,2.0
2075.0,1.0
2080.0,1.0
2085.0,2.0
2090.0,2.0
2095.0,1.0
2100.0,1.0
2105.0,2.0
2110.0,2.0
2115.0,1.0
2150.0,1.0
2155.0,2.0
2160.0,2.0
2165.0,1.0
2230.0,1.0
2235.0,2.0
2240.0,2.0
2245.0,1.0
2260.0,1.0
2265.0,2.0
2270.0,2.0
2275.0,1.0
2280.0,1.0
2285.0,4.0
2290.0,4.0
2295.0,1.0
2300.0,1.0
2305.0,2.0
2310.0,2.0
2315.0,1.0
2340.0,1.0
2345.0,2.0
2350.0,2.0
2355.0,1.0
2450.0,1.0
2455.0,2.0
2460.0,2.0
2465.0,1.0
2480.0,1.0
2485.0,4.0
2490.0,4.0
2495.0,2.0
2500.0,2.0
2505.0,1.0
2510.0,1.0
2515.0,2.0
2520.0,2.0
2525.0,1.0
2550.0,1.0
2555.0,2.0
2560.0,2.0
2565.0,1.0
2590.0,1.0
2595.0,2.0
2600.0,2.0
2605.0,1.0
2620.0,1.0
2625.0,2.0
2630.0,2.0
2635.0,1.0
2640.0,1.0
2645.0,2.0
2660.0,2.0
2665.0,1.0
2730.0,1.0
2735.0,3.0
2740.0,3.0
2745.0,1.0
2750.0,1.0
2755.0,2.0
2760.0,2.0
2765.0,4.0
2770.0,4.0
2775.0,1.0
2780.0,1.0
2785.0,2.0
2790.0,2.0
2795.0,1.0
2850.0,1.0
2855.0,2.0
2860.0,2.0
2865.0,1.0
2870.0,1.0
2875.0,2.0
2880.0,2.0
2885.0,1.0
2900.0,1.0
2905.0,2.0
2910.0,2.0
2915.0,1.0
2950.0,1.0
2955.0,2.0
2960.0,2.0
2965.0,3.0
2980.0,3.0
2985.0,1.0
3010.0,1.0
3015.0,3.0
3020.0,3.0
3025.0,1.0
3040.0,1.0
3045.0,2.0
3060.0,2.0
3065.0,1.0
3090.0,1.0
3095.0,2.0
3100.0,2.0
3105.0,1.0
3110.0,1.0
3115.0,3.0
3120.0,3.0
3125.0,1.0
3130.0,1.0
3135.0,2.0
3150.0,2.0
3155.0,1.0
3160.0,1.0
3165.0,4.0
3170.0,4.0
3175.0,1.0
3190.0,1.0
3195.0,2.0
3200.0,2.0
3205.0,1.0
3250.0,1.0
3255.0,2.0
3260.0,2.0
3265.0,1.0
3290.0,1.0
3295.0,3.0
3300.0,3.0
3305.0,1.0
3310.0,1.0
3315.0,2.0
3320.0,2.0
3325.0,1.0
3330.0,1.0
3335.0,2.0
3340.0,2.0
3345.0,1.0
3360.0,1.0
3365.0,2.0
3370.0,2.0
3375.0,1.0
3410.0,1.0
3415.0,2.0
3420.0,2.0
3425.0,1.0
3450.0,1.0
3455.0,4.0
3460.0,4.0
3465.0,1.0
3500.0,1.0
3505.0,2.0
3510.0,2.0
3515.0,1.0
3550.0,1.0
3555.0,4.0
3560.0,4.0
3565.0,3.0
3570.0,3.0
3575.0,2.0
3580.0,2.0
3585.0,1.0
