0.0,1.0
0.0,1.0
0.0,1.0
5.0,4.0
10.0,4.0
15.0,1.0
30.0,1.0
35.0,2.0
40.0,2.0
45.0,1.0
80.0,1.0
85.0,4.0
90.0,4.0
95.0,2.0
100.0,2.0
105.0,3.0
110.0,3.0
115.0,1.0
120.0,1.0
125.0,4.0
130.0,4.0
135.0,1.0
140.0,1.0
145.0,2.0
150.0,2.0
155.0,1.0
190.0,1.0
195.0,4.0
200.0,4.0
205.0,1.0
210.0,1.0
215.0,2.0
220.0,2.0
225.0,1.0
240.0,1.0
245.0,4.0
250.0,4.0
255.0,1.0
270.0,1.0
275.0,2.0
280.0,2.0
285.0,1.0
300.0,1.0
305.0,2.0
310.0,2.0
315.0,1.0
320.0,1.0
325.0,2.0
330.0,2.0
335.0,1.0
340.0,1.0
345.0,3.0
350.0,3.0
355.0,1.0
370.0,1.0
375.0,2.0
390.0,2.0
395.0,1.0
410.0,1.0
415.0,2.0
420.0,2.0
425.0,3.0
430.0,3.0
435.0,1.0
440.0,1.0
445.0,4.0
450.0,4.0
455.0,1.0
460.0,1.0
465.0,2.0
490.0,2.0
495.0,1.0
510.0,1.0
515.0,2.0
520.0,2.0
525.0,1.0
540.0,1.0
545.0,2.0
550.0,2.0
555.0,1.0
580.0,1.0
585.0,2.0
590.0,2.0
595.0,1.0
620.0,1.0
625.0,2.0
630.0,2.0
635.0,1.0
680.0,1.0
685.0,2.0
690.0,2.0
695.0,1.0
700.0,1.0
705.0,2.0
710.0,2.0
715.0,4.0
720.0,4.0
725.0,1.0
740.0,1.0
745.0,2.0
750.0,2.0
755.0,1.0
780.0,1.0
785.0,4.0
790.0,4.0
795.0,1.0
820.0,1.0
825.0,2.0
830.0,2.0
835.0,4.0
840.0,4.0
845.0,1.0
850.0,1.0
855.0,2.0
860.0,2.0
865.0,1.0
870.0,1.0
875.0,2.0
880.0,2.0
885.0,1.0
890.0,1.0
895.0,2.0
900.0,2.0
905.0,1.0
910.0,1.0
915.0,2.0
920.0,2.0
925.0,1.0
930.0,1.0
935.0,2.0
940.0,2.0
945.0,1.0
970.0,1.0
975.0,2.0
980.0,2.0
985.0,1.0
1000.0,1.0
1005.0,4.0
1010.0,4.0
1015.0,3.0
1020.0,3.0
1025.0,2.0
1030.0,2.0
1035.0,1.0
1050.0,1.0
1055.0,2.0
1060.0,2.0
1065.0,4.0
1070.0,4.0
1075.0,1.0
1090.0,1.0
1095.0,2.0
1100.0,2.0
1105.0,1.0
1140.0,1.0
1145.0,2.0
1150.0,2.0
1155.0,1.0
1180.0,1.0
1185.0,2.0
1190.0,2.0
1195.0,1.0
1200.0,1.0
1205.0,2.0
1210.0,2.0
1215.0,1.0
1250.0,1.0
1255.0,4.0
1260.0,4.0
1265.0,1.0
1280.0,1.0
1285.0,2.0
1290.0,2.0
1295.0,1.0
1300.0,1.0
1305.0,2.0
1310.0,2.0
1315.0,1.0
1320.0,1.0
1325.0,3.0
1330.0,3.0
1335.0,1.0
1340.0,1.0
1345.0,2.0
1350.0,2.0
1355.0,1.0
1360.0,1.0
1365.0,2.0
1370.0,2.0
1375.0,1.0
1380.0,1.0
1385.0,2.0
1390.0,2.0
1395.0,1.0
1410.0,1.0
1415.0,2.0
1420.0,2.0
1425.0,1.0
1450.0,1.0
1455.0,2.0
1460.0,2.0
1465.0,1.0
1490.0,1.0
1495.0,2.0
1500.0,2.0
1505.0,1.0
1520.0,1.0
1525.0,2.0
1530.0,2.0
1535.0,1.0
1540.0,1.0
1545.0,2.0
1550.0,2.0
1555.0,4.0
1560.0,4.0
1565.0,1.0
1580.0,1.0
1585.0,2.0
1590.0,2.0
1595.0,3.0
1600.0,3.0
1605.0,1.0
1610.0,1.0
1615.0,2.0
1620.0,2.0
1625.0,1.0
1670.0,1.0
1675.0,2.0
1680.0,2.0
1685.0,1.0
1700.0,1.0
1705.0,2.0
1710.0,2.0
1715.0,1.0
1730.0,1.0
1735.0,2.0
1740.0,2.0
1745.0,1.0
1770.0,1.0
1775.0,2.0
1790.0,2.0
1795.0,1.0
1830.0,1.0
1835.0,2.0
1840.0,2.0
1845.0,4.0
1850.0,4.0
1855.0,1.0
1860.0,1.0
1865.0,3.0
1870.0,3.0
1875.0,2.0
1880.0,2.0
1885.0,1.0
1920.0,1.0
1925.0,3.0
1930.0,3.0
1935.0,2.0
1940.0,2.0
1945.0,1.0
1970.0,1.0
1975.0,2.0
1980.0,2.0
1985.0,1.0
2010.0,1.0
2015.0,2.0
2020.0,2.0
2025.0,1.0
2030.0,1.0
2035.0,3.0
2040.0,3.0
2045.0,2.0
2050.0,2.0
2055.0,1.0
2070.0,1.0
2075.0,2.0
2080.0,2.0
2085.0,1.0
2100.0,1.0
2105.0,2.0
2110.0,2.0
2115.0,1.0
2170.0,1.0
2175.0,2.0
2180.0,2.0
2185.0,1.0
2210.0,1.0
2215.0,3.0
2220.0,3.0
2225.0,1.0
2240.0,1.0
2245.0,2.0
2250.0,2.0
2255.0,1.0
2300.0,1.0
2305.0,2.0
2310.0,2.0
2315.0,1.0
2370.0,1.0
2375.0,2.0
2380.0,2.0
2385.0,4.0
2390.0,4.0
2395.0,1.0
2400.0,1.0
2405.0,4.0
2410.0,4.0
2415.0,1.0
2420.0,1.0
2425.0,2.0
2430.0,2.0
2435.0,1.0
2440.0,1.0
2445.0,2.0
2450.0,2.0
2455.0,3.0
2460.0,3.0
2465.0,4.0
2470.0,4.0
2475.0,1.0
2490.0,1.0
2495.0,2.0
2510.0,2.0
2515.0,1.0
2540.0,1.0
2545.0,2.0
2560.0,2.0
2565.0,1.0
2570.0,1.0
2575.0,2.0
2580.0,2.0
2585.0,1.0
2610.0,1.0
2615.0,2.0
2620.0,2.0
2625.0,1.0
2640.0,1.0
2645.0,2.0
2650.0,2.0
2655.0,1.0
2670.0,1.0
2675.0,3.0
2680.0,3.0
2685.0,1.0
2690.0,1.0
2695.0,2.0
2700.0,2.0
2705.0,1.0
2720.0,1.0
2725.0,2.0
2730.0,2.0
2735.0,1.0
2740.0,1.0
2745.0,2.0
2750.0,2.0
2755.0,1.0
2770.0,1.0
2775.0,2.0
2780.0,2.0
2785.0,1.0
2810.0,1.0
2815.0,2.0
2820.0,2.0
2825.0,1.0
2830.0,1.0
2835.0,4.0
2840.0,4.0
2845.0,1.0
2860.0,1.0
2865.0,2.0
2870.0,2.0
2875.0,1.0
2890.0,1.0
2895.0,2.0
2900.0,2.0
2905.0,1.0
2910.0,1.0
2915.0,2.0
2920.0,2.0
2925.0,1.0
2930.0,1.0
2935.0,2.0
2940.0,2.0
2945.0,1.0
2950.0,1.0
2955.0,2.0
2960.0,2.0
2965.0,1.0
2980.0,1.0
2985.0,3.0
2990.0,3.0
2995.0,1.0
3020.0,1.0
3025.0,2.0
3030.0,2.0
3035.0,3.0
3040.0,3.0
3045.0,1.0
3050.0,1.0
3055.0,3.0
3060.0,3.0
3065.0,1.0
3080.0,1.0
3085.0,2.0
3090.0,2.0
3095.0,1.0
3120.0,1.0
3125.0,2.0
3130.0,2.0
3135.0,1.0
3140.0,1.0
3145.0,2.0
3150.0,2.0
3155.0,1.0
3170.0,1.0
3175.0,2.0
3180.0,2.0
3185.0,1.0
3240.0,1.0
3245.0,2.0
3260.0,2.0
3265.0,1.0
3300.0,1.0
3305.0,2.0
3310.0,2.0
3315.0,1.0
3330.0,1.0
3335.0,2.0
3340.0,2.0
3345.0,1.0
3360.0,1.0
3365.0,2.0
3370.0,2.0
3375.0,1.0
3400.0,1.0
3405.0,2.0
3410.0,2.0
3415.0,1.0
3420.0,1.0
3425.0,2.0
3430.0,2.0
3435.0,1.0
3440.0,1.0
3445.0,2.0
3450.0,2.0
3455.0,3.0
3460.0,3.0
3465.0,1.0
3480.0,1.0
3485.0,4.0
3500.0,4.0
3505.0,3.0
3510.0,3.0
3515.0,1.0
3520.0,1.0
3525.0,2.0
3530.0,2.0
3535.0,1.0
3560.0,1.0
3565.0,2.0
3570.0,2.0
3575.0,1.0
3580.0,1.0
3585.0,2.0
3590.0,2.0
3595.0,3.0
