0.0,1.0
0.0,1.0
40.0,1.0
45.0,4.0
50.0,4.0
55.0,1.0
80.0,1.0
85.0,3.0
90.0,3.0
95.0,1.0
100.0,1.0
105.0,2.0
110.0,2.0
115.0,1.0
140.0,1.0
145.0,2.0
150.0,2.0
155.0,1.0
200.0,1.0
205.0,3.0
210.0,3.0
215.0,4.0
220.0,4.0
225.0,1.0
240.0,1.0
245.0,2.0
250.0,2.0
255.0,1.0
260.0,1.0
265.0,2.0
270.0,2.0
275.0,4.0
280.0,4.0
285.0,1.0
290.0,1.0
295.0,2.0
300.0,2.0
305.0,1.0
310.0,1.0
315.0,2.0
320.0,2.0
325.0,1.0
340.0,1.0
345.0,2.0
350.0,2.0
355.0,1.0
390.0,1.0
395.0,2.0
400.0,2.0
405.0,1.0
410.0,1.0
415.0,2.0
420.0,2.0
425.0,1.0
440.0,1.0
445.0,3.0
450.0,3.0
455.0,1.0
460.0,1.0
465.0,2.0
470.0,2.0
475.0,1.0
490.0,1.0
495.0,2.0
500.0,2.0
505.0,1.0
510.0,1.0
515.0,2.0
520.0,2.0
525.0,1.0
540.0,1.0
545.0,4.0
550.0,4.0
555.0,1.0
560.0,1.0
565.0,2.0
570.0,2.0
575.0,3.0
580.0,3.0
585.0,2.0
600.0,2.0
605.0,1.0
620.0,1.0
625.0,2.0
630.0,2.0
635.0,1.0
660.0,1.0
665.0,2.0
670.0,2.0
675.0,1.0
690.0,1.0
695.0,2.0
700.0,2.0
705.0,1.0
710.0,1.0
715.0,2.0
720.0,2.0
725.0,1.0
740.0,1.0
745.0,2.0
750.0,2.0
755.0,1.0
760.0,1.0
765.0,2.0
770.0,2.0
775.0,1.0
780.0,1.0
785.0,2.0
790.0,2.0
795.0,1.0
820.0,1.0
825.0,4.0
830.0,4.0
835.0,1.0
840.0,1.0
845.0,2.0
850.0,2.0
855.0,1.0
870.0,1.0
875.0,2.0
880.0,2.0
885.0,1.0
920.0,1.0
925.0,2.0
930.0,2.0
935.0,1.0
940.0,1.0
945.0,2.0
950.0,2.0
955.0,1.0
1010.0,1.0
1015.0,4.0
1020.0,4.0
1025.0,1.0
1040.0,1.0
1045.0,2.0
1050.0,2.0
1055.0,1.0
1070.0,1.0
1075.0,2.0
1080.0,2.0
1085.0,1.0
1110.0,1.0
1115.0,2.0
1120.0,2.0
1125.0,4.0
1130.0,4.0
1135.0,2.0
1140.0,2.0
1145.0,1.0
1150.0,1.0
1155.0,2.0
1160.0,2.0
1165.0,1.0
1190.0,1.0
1195.0,2.0
1200.0,2.0
1205.0,1.0
1210.0,1.0
1215.0,2.0
1220.0,2.0
1225.0,1.0
1230.0,1.0
1235.0,2.0
1240.0,2.0
1245.0,1.0
1250.0,1.0
1255.0,2.0
1260.0,2.0
1265.0,1.0
1280.0,1.0
1285.0,2.0
1290.0,2.0
1295.0,1.0
1330.0,1.0
1335.0,2.0
1340.0,2.0
1345.0,1.0
1350.0,1.0
1355.0,2.0
1360.0,2.0
1365.0,1.0
1370.0,1.0
1375.0,2.0
1380.0,2.0
1385.0,1.0
1400.0,1.0
1405.0,2.0
1410.0,2.0
1415.0,1.0
1430.0,1.0
1435.0,2.0
1440.0,2.0
1445.0,4.0
1450.0,4.0
1455.0,1.0
1500.0,1.0
1505.0,2.0
1510.0,2.0
1515.0,1.0
1520.0,1.0
1525.0,2.0
1530.0,2.0
1535.0,1.0
1540.0,1.0
1545.0,4.0
1550.0,4.0
1555.0,2.0
1560.0,2.0
1565.0,1.0
1570.0,1.0
1575.0,4.0
1580.0,4.0
1585.0,1.0
1590.0,1.0
1595.0,2.0
1600.0,2.0
1605.0,1.0
1620.0,1.0
1625.0,4.0
1630.0,4.0
1635.0,1.0
1640.0,1.0
1645.0,4.0
1650.0,4.0
1655.0,2.0
1660.0,2.0
1665.0,1.0
1680.0,1.0
1685.0,2.0
1690.0,2.0
1695.0,1.0
1730.0,1.0
1735.0,2.0
1740.0,2.0
1745.0,4.0
1750.0,4.0
1755.0,2.0
1760.0,2.0
1765.0,1.0
1770.0,1.0
1775.0,2.0
1780.0,2.0
1785.0,3.0
1790.0,3.0
1795.0,1.0
1840.0,1.0
1845.0,4.0
1850.0,4.0
1855.0,3.0
1860.0,3.0
1865.0,1.0
1890.0,1.0
1895.0,2.0
1910.0,2.0
1915.0,1.0
1920.0,1.0
1925.0,2.0
1930.0,2.0
1935.0,1.0
1940.0,1.0
1945.0,2.0
1950.0,2.0
1955.0,1.0
1970.0,1.0
1975.0,2.0
1980.0,2.0
1985.0,1.0
2000.0,1.0
2005.0,2.0
2010.0,2.0
2015.0,1.0
2020.0,1.0
2025.0,2.0
2030.0,2.0
2035.0,1.0
2050.0,1.0
2055.0,3.0
2060.0,3.0
2065.0,1.0
2070.0,1.0
2075.0,3.0
2090.0,3.0
2095.0,1.0
2100.0,1.0
2105.0,2.0
2110.0,2.0
2115.0,1.0
2130.0,1.0
2135.0,2.0
2140.0,2.0
2145.0,1.0
2150.0,1.0
2155.0,3.0
2170.0,3.0
2175.0,1.0
2180.0,1.0
2185.0,4.0
2190.0,4.0
2195.0,1.0
2210.0,1.0
2215.0,2.0
2220.0,2.0
2225.0,1.0
2250.0,1.0
2255.0,2.0
2260.0,2.0
2265.0,1.0
2280.0,1.0
2285.0,2.0
2290.0,2.0
2295.0,1.0
2320.0,1.0
2325.0,2.0
2330.0,2.0
2335.0,1.0
2360.0,1.0
2365.0,2.0
2370.0,2.0
2375.0,1.0
2380.0,1.0
2385.0,2.0
2390.0,2.0
2395.0,1.0
2400.0,1.0
2405.0,2.0
2410.0,2.0
2415.0,1.0
2440.0,1.0
2445.0,2.0
2450.0,2.0
2455.0,1.0
2500.0,1.0
2505.0,4.0
2510.0,4.0
2515.0,1.0
2540.0,1.0
2545.0,2.0
2550.0,2.0
2555.0,1.0
2570.0,1.0
2575.0,2.0
2580.0,2.0
2585.0,3.0
2590.0,3.0
2595.0,1.0
2600.0,1.0
2605.0,2.0
2610.0,2.0
2615.0,1.0
2630.0,1.0
2635.0,2.0
2640.0,2.0
2645.0,1.0
2660.0,1.0
2665.0,2.0
2670.0,2.0
2675.0,1.0
2730.0,1.0
2735.0,3.0
2740.0,3.0
2745.0,1.0
2760.0,1.0
2765.0,2.0
2770.0,2.0
2775.0,1.0
2780.0,1.0
2785.0,2.0
2790.0,2.0
2795.0,1.0
2800.0,1.0
2805.0,2.0
2810.0,2.0
2815.0,1.0
2830.0,1.0
2835.0,2.0
2840.0,2.0
2845.0,4.0
2860.0,4.0
2865.0,1.0
2870.0,1.0
2875.0,4.0
2880.0,4.0
2885.0,1.0
2900.0,1.0
2905.0,4.0
2910.0,4.0
2915.0,2.0
2920.0,2.0
2925.0,1.0
2950.0,1.0
2955.0,2.0
2960.0,2.0
2965.0,1.0
2970.0,1.0
2975.0,2.0
2980.0,2.0
2985.0,1.0
3020.0,1.0
3025.0,2.0
3030.0,2.0
3035.0,1.0
3040.0,1.0
3045.0,2.0
3050.0,2.0
3055.0,1.0
3070.0,1.0
3075.0,2.0
3080.0,2.0
3085.0,4.0
3090.0,4.0
3095.0,1.0
3100.0,1.0
3105.0,2.0
3110.0,2.0
3115.0,1.0
3130.0,1.0
3135.0,2.0
3140.0,2.0
3145.0,1.0
3170.0,1.0
3175.0,2.0
3180.0,2.0
3185.0,1.0
3240.0,1.0
3245.0,2.0
3250.0,2.0
3255.0,1.0
3260.0,1.0
3265.0,2.0
3270.0,2.0
3275.0,1.0
3290.0,1.0
3295.0,2.0
3300.0,2.0
3305.0,1.0
3310.0,1.0
3315.0,2.0
3320.0,2.0
3325.0,1.0
3330.0,1.0
3335.0,2.0
3340.0,2.0
3345.0,1.0
3350.0,1.0
3355.0,2.0
3360.0,2.0
3365.0,1.0
3370.0,1.0
3375.0,2.0
3380.0,2.0
3385.0,1.0
3410.0,1.0
3415.0,3.0
3420.0,3.0
3425.0,4.0
3440.0,4.0
3445.0,1.0
3460.0,1.0
3465.0,2.0
3470.0,2.0
3475.0,1.0
3490.0,1.0
3495.0,2.0
3500.0,2.0
3505.0,1.0
3560.0,1.0
3565.0,2.0
3570.0,2.0
3575.0,1.0
