0.0,1.0
0.0,1.0
0.0,1.0
5.0,4.0
10.0,4.0
15.0,1.0
170.0,1.0
175.0,2.0
180.0,2.0
185.0,1.0
200.0,1.0
205.0,2.0
210.0,2.0
215.0,1.0
230.0,1.0
235.0,2.0
240.0,2.0
245.0,1.0
250.0,1.0
255.0,2.0
260.0,2.0
265.0,1.0
280.0,1.0
285.0,4.0
290.0,4.0
295.0,3.0
300.0,3.0
305.0,4.0
310.0,4.0
315.0,1.0
330.0,1.0
335.0,2.0
340.0,2.0
345.0,1.0
360.0,1.0
365.0,2.0
370.0,2.0
375.0,1.0
380.0,1.0
385.0,2.0
390.0,2.0
395.0,1.0
410.0,1.0
415.0,2.0
420.0,2.0
425.0,1.0
430.0,1.0
435.0,4.0
440.0,4.0
445.0,1.0
460.0,1.0
465.0,2.0
470.0,2.0
475.0,1.0
480.0,1.0
485.0,2.0
490.0,2.0
495.0,1.0
500.0,1.0
505.0,4.0
510.0,4.0
515.0,2.0
520.0,2.0
525.0,1.0
530.0,1.0
535.0,2.0
540.0,2.0
545.0,1.0
560.0,1.0
565.0,3.0
570.0,3.0
575.0,2.0
580.0,2.0
585.0,1.0
610.0,1.0
615.0,4.0
620.0,4.0
625.0,2.0
630.0,2.0
635.0,1.0
640.0,1.0
645.0,2.0
650.0,2.0
655.0,1.0
660.0,1.0
665.0,2.0
680.0,2.0
685.0,4.0
690.0,4.0
695.0,1.0
740.0,1.0
745.0,2.0
750.0,2.0
755.0,1.0
760.0,1.0
765.0,2.0
770.0,2.0
775.0,1.0
790.0,1.0
795.0,2.0
800.0,2.0
805.0,1.0
820.0,1.0
825.0,3.0
830.0,3.0
835.0,2.0
840.0,2.0
845.0,1.0
860.0,1.0
865.0,2.0
870.0,2.0
875.0,1.0
880.0,1.0
885.0,2.0
890.0,2.0
895.0,1.0
910.0,1.0
915.0,2.0
920.0,2.0
925.0,1.0
940.0,1.0
945.0,4.0
960.0,4.0
965.0,1.0
980.0,1.0
985.0,2.0
990.0,2.0
995.0,1.0
1020.0,1.0
1025.0,2.0
1030.0,2.0
1035.0,1.0
1040.0,1.0
1045.0,2.0
1060.0,2.0
1065.0,1.0
1080.0,1.0
1085.0,2.0
1090.0,2.0
1095.0,1.0
1100.0,1.0
1105.0,4.0
1110.0,4.0
1115.0,1.0
1120.0,1.0
1125.0,2.0
1130.0,2.0
1135.0,3.0
1140.0,3.0
1145.0,1.0
1180.0,1.0
1185.0,2.0
1190.0,2.0
1195.0,1.0
1200.0,1.0
1205.0,2.0
1210.0,2.0
1215.0,1.0
1220.0,1.0
1225.0,4.0
1230.0,4.0
1235.0,1.0
1240.0,1.0
1245.0,2.0
1260.0,2.0
1265.0,1.0
1280.0,1.0
1285.0,2.0
1300.0,2.0
1305.0,1.0
1320.0,1.0
1325.0,2.0
1330.0,2.0
1335.0,1.0
1350.0,1.0
1355.0,2.0
1360.0,2.0
1365.0,1.0
1370.0,1.0
1375.0,2.0
1380.0,2.0
1385.0,1.0
1390.0,1.0
1395.0,4.0
1400.0,4.0
1405.0,2.0
1410.0,2.0
1415.0,1.0
1430.0,1.0
1435.0,3.0
1440.0,3.0
1445.0,1.0
1450.0,1.0
1455.0,4.0
1460.0,4.0
1465.0,1.0
1480.0,1.0
1485.0,2.0
1490.0,2.0
1495.0,1.0
1520.0,1.0
1525.0,2.0
1530.0,2.0
1535.0,1.0
1540.0,1.0
1545.0,2.0
1550.0,2.0
1555.0,1.0
1570.0,1.0
1575.0,2.0
1580.0,2.0
1585.0,1.0
1590.0,1.0
1595.0,2.0
1600.0,2.0
1605.0,1.0
1610.0,1.0
1615.0,2.0
1620.0,2.0
1625.0,1.0
1660.0,1.0
1665.0,2.0
1670.0,2.0
1675.0,1.0
1680.0,1.0
1685.0,2.0
1690.0,2.0
1695.0,1.0
1710.0,1.0
1715.0,4.0
1720.0,4.0
1725.0,1.0
1750.0,1.0
1755.0,2.0
1760.0,2.0
1765.0,1.0
1780.0,1.0
1785.0,2.0
1790.0,2.0
1795.0,1.0
1800.0,1.0
1805.0,2.0
1810.0,2.0
1815.0,1.0
1820.0,1.0
1825.0,4.0
1830.0,4.0
1835.0,3.0
1840.0,3.0
1845.0,1.0
1860.0,1.0
1865.0,2.0
1880.0,2.0
1885.0,1.0
1900.0,1.0
1905.0,2.0
1910.0,2.0
1915.0,1.0
1940.0,1.0
1945.0,2.0
1950.0,2.0
1955.0,1.0
1970.0,1.0
1975.0,4.0
1980.0,4.0
1985.0,2.0
1990.0,2.0
1995.0,1.0
2000.0,1.0
2005.0,4.0
2010.0,4.0
2015.0,2.0
2020.0,2.0
2025.0,1.0
2050.0,1.0
2055.0,2.0
2060.0,2.0
2065.0,1.0
2070.0,1.0
2075.0,2.0
2080.0,2.0
2085.0,1.0
2090.0,1.0
2095.0,2.0
2100.0,2.0
2105.0,1.0
2150.0,1.0
2155.0,2.0
2160.0,2.0
2165.0,1.0
2170.0,1.0
2175.0,2.0
2180.0,2.0
2185.0,1.0
2200.0,1.0
2205.0,2.0
2210.0,2.0
2215.0,1.0
2220.0,1.0
2225.0,2.0
2230.0,2.0
2235.0,1.0
2270.0,1.0
2275.0,2.0
2280.0,2.0
2285.0,1.0
2290.0,1.0
2295.0,2.0
2300.0,2.0
2305.0,1.0
2310.0,1.0
2315.0,2.0
2320.0,2.0
2325.0,1.0
2330.0,1.0
2335.0,2.0
2340.0,2.0
2345.0,1.0
2370.0,1.0
2375.0,4.0
2380.0,4.0
2385.0,2.0
2390.0,2.0
2395.0,1.0
2430.0,1.0
2435.0,4.0
2450.0,4.0
2455.0,3.0
2460.0,3.0
2465.0,2.0
2470.0,2.0
2475.0,1.0
2490.0,1.0
2495.0,2.0
2500.0,2.0
2505.0,1.0
2510.0,1.0
2515.0,2.0
2520.0,2.0
2525.0,1.0
2560.0,1.0
2565.0,3.0
2570.0,3.0
2575.0,1.0
2580.0,1.0
2585.0,2.0
2590.0,2.0
2595.0,1.0
2610.0,1.0
2615.0,2.0
2620.0,2.0
2625.0,1.0
2640.0,1.0
2645.0,2.0
2650.0,2.0
2655.0,1.0
2660.0,1.0
2665.0,4.0
2670.0,4.0
2675.0,2.0
2680.0,2.0
2685.0,1.0
2710.0,1.0
2715.0,2.0
2720.0,2.0
2725.0,1.0
2730.0,1.0
2735.0,4.0
2740.0,4.0
2745.0,1.0
2750.0,1.0
2755.0,2.0
2760.0,2.0
2765.0,1.0
2770.0,1.0
2775.0,4.0
2780.0,4.0
2785.0,1.0
2790.0,1.0
2795.0,2.0
2800.0,2.0
2805.0,4.0
2810.0,4.0
2815.0,1.0
2820.0,1.0
2825.0,2.0
2830.0,2.0
2835.0,1.0
2840.0,1.0
2845.0,2.0
2850.0,2.0
2855.0,1.0
2870.0,1.0
2875.0,2.0
2880.0,2.0
2885.0,1.0
2930.0,1.0
2935.0,3.0
2940.0,3.0
2945.0,2.0
2950.0,2.0
2955.0,1.0
2960.0,1.0
2965.0,2.0
2970.0,2.0
2975.0,1.0
2980.0,1.0
2985.0,2.0
2990.0,2.0
2995.0,1.0
3000.0,1.0
3005.0,2.0
3010.0,2.0
3015.0,1.0
3050.0,1.0
3055.0,2.0
3060.0,2.0
3065.0,1.0
3080.0,1.0
3085.0,2.0
3100.0,2.0
3105.0,1.0
3110.0,1.0
3115.0,2.0
3120.0,2.0
3125.0,1.0
3150.0,1.0
3155.0,4.0
3160.0,4.0
3165.0,2.0
3190.0,2.0
3195.0,1.0
3210.0,1.0
3215.0,2.0
3220.0,2.0
3225.0,1.0
3240.0,1.0
3245.0,2.0
3250.0,2.0
3255.0,1.0
3260.0,1.0
3265.0,2.0
3270.0,2.0
3275.0,1.0
3280.0,1.0
3285.0,3.0
3290.0,3.0
3295.0,1.0
3300.0,1.0
3305.0,2.0
3310.0,2.0
3315.0,1.0
3360.0,1.0
3365.0,3.0
3370.0,3.0
3375.0,1.0
3380.0,1.0
3385.0,2.0
3390.0,2.0
3395.0,1.0
3400.0,1.0
3405.0,2.0
3410.0,2.0
3415.0,1.0
3440.0,1.0
3445.0,2.0
3450.0,2.0
3455.0,1.0
3470.0,1.0
3475.0,2.0
3480.0,2.0
3485.0,1.0
3500.0,1.0
3505.0,2.0
3520.0,2.0
3525.0,1.0
3530.0,1.0
3535.0,2.0
3540.0,2.0
3545.0,1.0
3580.0,1.0
3585.0,2.0
3590.0,2.0
3595.0,1.0
