0.0,1.0
0.0,1.0
20.0,1.0
25.0,2.0
30.0,2.0
35.0,1.0
120.0,1.0
125.0,4.0
130.0,4.0
135.0,1.0
150.0,1.0
155.0,2.0
160.0,2.0
165.0,1.0
170.0,1.0
175.0,3.0
180.0,3.0
185.0,1.0
200.0,1.0
205.0,2.0
210.0,2.0
215.0,1.0
220.0,1.0
225.0,2.0
230.0,2.0
235.0,1.0
240.0,1.0
245.0,2.0
250.0,2.0
255.0,1.0
260.0,1.0
265.0,2.0
280.0,2.0
285.0,1.0
310.0,1.0
315.0,3.0
320.0,3.0
325.0,1.0
330.0,1.0
335.0,2.0
340.0,2.0
345.0,1.0
360.0,1.0
365.0,2.0
370.0,2.0
375.0,1.0
380.0,1.0
385.0,2.0
390.0,2.0
395.0,1.0
410.0,1.0
415.0,2.0
420.0,2.0
425.0,1.0
430.0,1.0
435.0,2.0
440.0,2.0
445.0,1.0
470.0,1.0
475.0,2.0
480.0,2.0
485.0,1.0
490.0,1.0
495.0,2.0
510.0,2.0
515.0,3.0
520.0,3.0
525.0,4.0
530.0,4.0
535.0,1.0
570.0,1.0
575.0,2.0
580.0,2.0
585.0,4.0
590.0,4.0
595.0,2.0
600.0,2.0
605.0,1.0
620.0,1.0
625.0,2.0
630.0,2.0
635.0,1.0
650.0,1.0
655.0,2.0
660.0,2.0
665.0,1.0
750.0,1.0
755.0,2.0
760.0,2.0
765.0,1.0
770.0,1.0
775.0,2.0
780.0,2.0
785.0,1.0
800.0,1.0
805.0,3.0
810.0,3.0
815.0,1.0
840.0,1.0
845.0,2.0
850.0,2.0
855.0,1.0
860.0,1.0
865.0,2.0
870.0,2.0
875.0,1.0
880.0,1.0
885.0,4.0
890.0,4.0
895.0,1.0
900.0,1.0
905.0,3.0
910.0,3.0
915.0,2.0
920.0,2.0
925.0,1.0
930.0,1.0
935.0,2.0
950.0,2.0
955.0,1.0
960.0,1.0
965.0,2.0
970.0,2.0
975.0,1.0
990.0,1.0
995.0,2.0
1000.0,2.0
1005.0,1.0
1010.0,1.0
1015.0,3.0
1020.0,3.0
1025.0,1.0
1030.0,1.0
1035.0,2.0
1040.0,2.0
1045.0,1.0
1060.0,1.0
1065.0,4.0
1070.0,4.0
1075.0,1.0
1110.0,1.0
1115.0,2.0
1120.0,2.0
1125.0,1.0
1140.0,1.0
1145.0,2.0
1150.0,2.0
1155.0,1.0
1180.0,1.0
1185.0,2.0
1190.0,2.0
1195.0,1.0
1200.0,1.0
1205.0,2.0
1210.0,2.0
1215.0,1.0
1270.0,1.0
1275.0,2.0
1280.0,2.0
1285.0,1.0
1290.0,1.0
1295.0,2.0
1300.0,2.0
1305.0,3.0
1310.0,3.0
1315.0,1.0
1320.0,1.0
1325.0,2.0
1330.0,2.0
1335.0,1.0
1340.0,1.0
1345.0,2.0
1350.0,2.0
1355.0,1.0
1380.0,1.0
1385.0,2.0
1390.0,2.0
1395.0,1.0
1420.0,1.0
1425.0,2.0
1430.0,2.0
1435.0,1.0
1450.0,1.0
1455.0,2.0
1460.0,2.0
1465.0,1.0
1470.0,1.0
1475.0,2.0
1480.0,2.0
1485.0,1.0
1490.0,1.0
1495.0,3.0
1500.0,3.0
1505.0,2.0
1510.0,2.0
1515.0,1.0
1530.0,1.0
1535.0,2.0
1550.0,2.0
1555.0,1.0
1560.0,1.0
1565.0,2.0
1580.0,2.0
1585.0,1.0
1620.0,1.0
1625.0,2.0
1630.0,2.0
1635.0,1.0
1640.0,1.0
1645.0,2.0
1650.0,2.0
1655.0,1.0
1680.0,1.0
1685.0,2.0
1690.0,2.0
1695.0,1.0
1710.0,1.0
1715.0,2.0
1720.0,2.0
1725.0,1.0
1790.0,1.0
1795.0,2.0
1800.0,2.0
1805.0,4.0
1820.0,4.0
1825.0,1.0
1840.0,1.0
1845.0,4.0
1850.0,4.0
1855.0,1.0
1860.0,1.0
1865.0,2.0
1870.0,2.0
1875.0,1.0
1900.0,1.0
1905.0,2.0
1920.0,2.0
1925.0,1.0
1930.0,1.0
1935.0,2.0
1940.0,2.0
1945.0,1.0
1980.0,1.0
1985.0,2.0
1990.0,2.0
1995.0,1.0
2000.0,1.0
2005.0,2.0
2020.0,2.0
2025.0,1.0
2050.0,1.0
2055.0,2.0
2060.0,2.0
2065.0,1.0
2070.0,1.0
2075.0,2.0
2080.0,2.0
2085.0,1.0
2100.0,1.0
2105.0,2.0
2110.0,2.0
2115.0,1.0
2120.0,1.0
2125.0,2.0
2140.0,2.0
2145.0,1.0
2190.0,1.0
2195.0,3.0
2200.0,3.0
2205.0,4.0
2210.0,4.0
2215.0,1.0
2220.0,1.0
2225.0,4.0
2230.0,4.0
2235.0,2.0
2240.0,2.0
2245.0,1.0
2260.0,1.0
2265.0,2.0
2270.0,2.0
2275.0,1.0
2280.0,1.0
2285.0,2.0
2290.0,2.0
2295.0,1.0
2370.0,1.0
2375.0,2.0
2380.0,2.0
2385.0,1.0
2390.0,1.0
2395.0,2.0
2400.0,2.0
2405.0,4.0
2410.0,4.0
2415.0,1.0
2430.0,1.0
2435.0,3.0
2440.0,3.0
2445.0,2.0
2450.0,2.0
2455.0,1.0
2460.0,1.0
2465.0,4.0
2470.0,4.0
2475.0,1.0
2480.0,1.0
2485.0,2.0
2490.0,2.0
2495.0,1.0
2510.0,1.0
2515.0,4.0
2520.0,4.0
2525.0,1.0
2530.0,1.0
2535.0,2.0
2540.0,2.0
2545.0,3.0
2550.0,3.0
2555.0,1.0
2560.0,1.0
2565.0,2.0
2570.0,2.0
2575.0,1.0
2600.0,1.0
2605.0,2.0
2610.0,2.0
2615.0,1.0
2620.0,1.0
2625.0,2.0
2640.0,2.0
2645.0,1.0
2660.0,1.0
2665.0,2.0
2670.0,2.0
2675.0,1.0
2700.0,1.0
2705.0,2.0
2710.0,2.0
2715.0,1.0
2730.0,1.0
2735.0,3.0
2740.0,3.0
2745.0,1.0
2750.0,1.0
2755.0,2.0
2760.0,2.0
2765.0,1.0
2770.0,1.0
2775.0,2.0
2780.0,2.0
2785.0,1.0
2800.0,1.0
2805.0,2.0
2810.0,2.0
2815.0,1.0
2820.0,1.0
2825.0,2.0
2830.0,2.0
2835.0,1.0
2840.0,1.0
2845.0,2.0
2850.0,2.0
2855.0,1.0
2900.0,1.0
2905.0,2.0
2910.0,2.0
2915.0,1.0
2940.0,1.0
2945.0,2.0
2950.0,2.0
2955.0,1.0
2970.0,1.0
2975.0,2.0
2980.0,2.0
2985.0,1.0
2990.0,1.0
2995.0,2.0
3000.0,2.0
3005.0,1.0
3020.0,1.0
3025.0,4.0
3030.0,4.0
3035.0,1.0
3040.0,1.0
3045.0,2.0
3050.0,2.0
3055.0,1.0
3080.0,1.0
3085.0,3.0
3090.0,3.0
3095.0,2.0
3100.0,2.0
3105.0,1.0
3110.0,1.0
3115.0,2.0
3130.0,2.0
3135.0,1.0
3150.0,1.0
3155.0,2.0
3160.0,2.0
3165.0,1.0
3180.0,1.0
3185.0,2.0
3190.0,2.0
3195.0,1.0
3200.0,1.0
3205.0,2.0
3210.0,2.0
3215.0,1.0
3240.0,1.0
3245.0,4.0
3250.0,4.0
3255.0,1.0
3270.0,1.0
3275.0,2.0
3280.0,2.0
3285.0,1.0
3300.0,1.0
3305.0,2.0
3310.0,2.0
3315.0,1.0
3320.0,1.0
3325.0,2.0
3330.0,2.0
3335.0,1.0
3350.0,1.0
3355.0,3.0
3360.0,3.0
3365.0,1.0
3370.0,1.0
3375.0,3.0
3380.0,3.0
3385.0,1.0
3400.0,1.0
3405.0,2.0
3410.0,2.0
3415.0,1.0
3420.0,1.0
3425.0,3.0
3430.0,3.0
3435.0,2.0
3440.0,2.0
3445.0,1.0
3460.0,1.0
3465.0,2.0
3470.0,2.0
3475.0,1.0
3480.0,1.0
3485.0,2.0
3490.0,2.0
3495.0,1.0
3500.0,1.0
3505.0,2.0
3510.0,2.0
3515.0,1.0
3560.0,1.0
3565.0,2.0
3570.0,2.0
3575.0,3.0
3590.0,3.0
3595.0,1.0
