0.0,1.0
0.0,1.0
10.0,1.0
15.0,3.0
40.0,3.0
45.0,2.0
60.0,2.0
65.0,4.0
70.0,4.0
75.0,3.0
90.0,3.0
95.0,4.0
130.0,4.0
135.0,3.0
160.0,3.0
165.0,2.0
170.0,2.0
175.0,3.0
180.0,3.0
185.0,4.0
190.0,4.0
195.0,1.0
220.0,1.0
225.0,2.0
230.0,2.0
235.0,1.0
240.0,1.0
245.0,3.0
250.0,3.0
255.0,2.0
260.0,2.0
265.0,1.0
280.0,1.0
285.0,2.0
290.0,2.0
295.0,1.0
300.0,1.0
305.0,4.0
310.0,4.0
315.0,2.0
320.0,2.0
325.0,3.0
330.0,3.0
335.0,2.0
340.0,2.0
345.0,1.0
350.0,1.0
355.0,4.0
370.0,4.0
375.0,3.0
380.0,3.0
385.0,4.0
390.0,4.0
395.0,3.0
400.0,3.0
405.0,2.0
410.0,2.0
415.0,3.0
430.0,3.0
435.0,1.0
440.0,1.0
445.0,4.0
450.0,4.0
455.0,2.0
480.0,2.0
485.0,4.0
490.0,4.0
495.0,1.0
500.0,1.0
505.0,2.0
530.0,2.0
535.0,3.0
540.0,3.0
545.0,4.0
550.0,4.0
555.0,2.0
560.0,2.0
565.0,1.0
570.0,1.0
575.0,4.0
600.0,4.0
605.0,1.0
610.0,1.0
615.0,3.0
620.0,3.0
625.0,2.0
640.0,2.0
645.0,4.0
650.0,4.0
655.0,1.0
680.0,1.0
685.0,4.0
690.0,4.0
695.0,3.0
700.0,3.0
705.0,1.0
730.0,1.0
735.0,4.0
750.0,4.0
755.0,1.0
790.0,1.0
795.0,2.0
820.0,2.0
825.0,4.0
830.0,4.0
835.0,3.0
840.0,3.0
845.0,4.0
850.0,4.0
855.0,1.0
860.0,1.0
865.0,3.0
870.0,3.0
875.0,1.0
900.0,1.0
905.0,2.0
920.0,2.0
925.0,1.0
930.0,1.0
935.0,3.0
940.0,3.0
945.0,1.0
970.0,1.0
975.0,4.0
980.0,4.0
985.0,1.0
990.0,1.0
995.0,3.0
1000.0,3.0
1005.0,4.0
1010.0,4.0
1015.0,2.0
1020.0,2.0
1025.0,3.0
1030.0,3.0
1035.0,1.0
1040.0,1.0
1045.0,3.0
1050.0,3.0
1055.0,1.0
1060.0,1.0
1065.0,3.0
1070.0,3.0
1075.0,1.0
1090.0,1.0
1095.0,2.0
1110.0,2.0
1115.0,3.0
1120.0,3.0
1125.0,4.0
1130.0,4.0
1135.0,1.0
1140.0,1.0
1145.0,2.0
1150.0,2.0
1155.0,1.0
1180.0,1.0
1185.0,3.0
1190.0,3.0
1195.0,4.0
1210.0,4.0
1215.0,1.0
1230.0,1.0
1235.0,2.0
1240.0,2.0
1245.0,3.0
1260.0,3.0
1265.0,2.0
1290.0,2.0
1295.0,1.0
1300.0,1.0
1305.0,3.0
1310.0,3.0
1315.0,1.0
1320.0,1.0
1325.0,3.0
1330.0,3.0
1335.0,1.0
1340.0,1.0
1345.0,3.0
1350.0,3.0
1355.0,4.0
1360.0,4.0
1365.0,1.0
1380.0,1.0
1385.0,2.0
1400.0,2.0
1405.0,4.0
1410.0,4.0
1415.0,3.0
1420.0,3.0
1425.0,4.0
1430.0,4.0
1435.0,1.0
1440.0,1.0
1445.0,4.0
1450.0,4.0
1455.0,3.0
1460.0,3.0
1465.0,1.0
1470.0,1.0
1475.0,3.0
1480.0,3.0
1485.0,4.0
1490.0,4.0
1495.0,2.0
1500.0,2.0
1505.0,4.0
1510.0,4.0
1515.0,1.0
1520.0,1.0
1525.0,3.0
1540.0,3.0
1545.0,1.0
1550.0,1.0
1555.0,4.0
1560.0,4.0
1565.0,3.0
1570.0,3.0
1575.0,1.0
1600.0,1.0
1605.0,3.0
1620.0,3.0
1625.0,2.0
1630.0,2.0
1635.0,1.0
1640.0,1.0
1645.0,3.0
1660.0,3.0
1665.0,2.0
1670.0,2.0
1675.0,1.0
1690.0,1.0
1695.0,2.0
1700.0,2.0
1705.0,4.0
1710.0,4.0
1715.0,1.0
1740.0,1.0
1745.0,2.0
1760.0,2.0
1765.0,1.0
1780.0,1.0
1785.0,2.0
1790.0,2.0
1795.0,4.0
1800.0,4.0
1805.0,1.0
1810.0,1.0
1815.0,3.0
1820.0,3.0
1825.0,1.0
1830.0,1.0
1835.0,2.0
1840.0,2.0
1845.0,3.0
1850.0,3.0
1855.0,2.0
1870.0,2.0
1875.0,1.0
1890.0,1.0
1895.0,2.0
1900.0,2.0
1905.0,3.0
1910.0,3.0
1915.0,2.0
1920.0,2.0
1925.0,4.0
1940.0,4.0
1945.0,1.0
1950.0,1.0
1955.0,3.0
1960.0,3.0
1965.0,1.0
1970.0,1.0
1975.0,3.0
1980.0,3.0
1985.0,1.0
1990.0,1.0
1995.0,2.0
2000.0,2.0
2005.0,3.0
2010.0,3.0
2015.0,2.0
2020.0,2.0
2025.0,4.0
2030.0,4.0
2035.0,1.0
2050.0,1.0
2055.0,2.0
2060.0,2.0
2065.0,3.0
2070.0,3.0
2075.0,4.0
2080.0,4.0
2085.0,1.0
2090.0,1.0
2095.0,4.0
2100.0,4.0
2105.0,1.0
2110.0,1.0
2115.0,2.0
2120.0,2.0
2125.0,3.0
2130.0,3.0
2135.0,2.0
2140.0,2.0
2145.0,3.0
2150.0,3.0
2155.0,1.0
2160.0,1.0
2165.0,3.0
2170.0,3.0
2175.0,1.0
2200.0,1.0
2205.0,4.0
2210.0,4.0
2215.0,1.0
2230.0,1.0
2235.0,3.0
2240.0,3.0
2245.0,2.0
2250.0,2.0
2255.0,1.0
2270.0,1.0
2275.0,3.0
2280.0,3.0
2285.0,2.0
2290.0,2.0
2295.0,4.0
2310.0,4.0
2315.0,3.0
2320.0,3.0
2325.0,4.0
2330.0,4.0
2335.0,1.0
2340.0,1.0
2345.0,3.0
2350.0,3.0
2355.0,2.0
2360.0,2.0
2365.0,1.0
2390.0,1.0
2395.0,4.0
2400.0,4.0
2405.0,3.0
2410.0,3.0
2415.0,1.0
2430.0,1.0
2435.0,4.0
2440.0,4.0
2445.0,1.0
2450.0,1.0
2455.0,4.0
2460.0,4.0
2465.0,3.0
2470.0,3.0
2475.0,4.0
2480.0,4.0
2485.0,2.0
2490.0,2.0
2495.0,1.0
2500.0,1.0
2505.0,3.0
2510.0,3.0
2515.0,1.0
2520.0,1.0
2525.0,4.0
2530.0,4.0
2535.0,1.0
2540.0,1.0
2545.0,4.0
2550.0,4.0
2555.0,1.0
2570.0,1.0
2575.0,2.0
2580.0,2.0
2585.0,4.0
2600.0,4.0
2605.0,1.0
2610.0,1.0
2615.0,2.0
2620.0,2.0
2625.0,3.0
2630.0,3.0
2635.0,1.0
2640.0,1.0
2645.0,4.0
2650.0,4.0
2655.0,1.0
2670.0,1.0
2675.0,3.0
2680.0,3.0
2685.0,1.0
2720.0,1.0
2725.0,2.0
2730.0,2.0
2735.0,4.0
2740.0,4.0
2745.0,1.0
2770.0,1.0
2775.0,3.0
2790.0,3.0
2795.0,1.0
2800.0,1.0
2805.0,2.0
2820.0,2.0
2825.0,1.0
2830.0,1.0
2835.0,2.0
2840.0,2.0
2845.0,1.0
2850.0,1.0
2855.0,3.0
2860.0,3.0
2865.0,1.0
2870.0,1.0
2875.0,3.0
2880.0,3.0
2885.0,1.0
2890.0,1.0
2895.0,3.0
2900.0,3.0
2905.0,4.0
2920.0,4.0
2925.0,2.0
2930.0,2.0
2935.0,1.0
2940.0,1.0
2945.0,2.0
2950.0,2.0
2955.0,3.0
2960.0,3.0
2965.0,4.0
2970.0,4.0
2975.0,1.0
2990.0,1.0
2995.0,2.0
3000.0,2.0
3005.0,3.0
3020.0,3.0
3025.0,1.0
3030.0,1.0
3035.0,3.0
3040.0,3.0
3045.0,1.0
3060.0,1.0
3065.0,4.0
3070.0,4.0
3075.0,3.0
3110.0,3.0
3115.0,4.0
3120.0,4.0
3125.0,1.0
3150.0,1.0
3155.0,3.0
3160.0,3.0
3165.0,4.0
3170.0,4.0
3175.0,1.0
3180.0,1.0
3185.0,4.0
3190.0,4.0
3195.0,3.0
3200.0,3.0
3205.0,2.0
3210.0,2.0
3215.0,4.0
3220.0,4.0
3225.0,1.0
3250.0,1.0
3255.0,4.0
3260.0,4.0
3265.0,1.0
3300.0,1.0
3305.0,3.0
3310.0,3.0
3315.0,1.0
3320.0,1.0
3325.0,3.0
3330.0,3.0
3335.0,4.0
3340.0,4.0
3345.0,1.0
3350.0,1.0
3355.0,2.0
3360.0,2.0
3365.0,1.0
3380.0,1.0
3385.0,3.0
3390.0,3.0
3395.0,2.0
3400.0,2.0
3405.0,1.0
3410.0,1.0
3415.0,2.0
3420.0,2.0
3425.0,4.0
3430.0,4.0
3435.0,3.0
3440.0,3.0
3445.0,1.0
3450.0,1.0
3455.0,4.0
3470.0,4.0
3475.0,1.0
3490.0,1.0
3495.0,4.0
3500.0,4.0
3505.0,1.0
3510.0,1.0
3515.0,2.0
3530.0,2.0
3535.0,1.0
3540.0,1.0
3545.0,4.0
3560.0,4.0
3565.0,1.0
