0.0,1.0
0.0,1.0
20.0,1.0
25.0,2.0
30.0,2.0
35.0,1.0
110.0,1.0
115.0,3.0
120.0,3.0
125.0,4.0
130.0,4.0
135.0,1.0
180.0,1.0
185.0,3.0
190.0,3.0
195.0,4.0
200.0,4.0
205.0,1.0
230.0,1.0
235.0,4.0
250.0,4.0
255.0,2.0
260.0,2.0
265.0,1.0
350.0,1.0
355.0,2.0
360.0,2.0
365.0,1.0
380.0,1.0
385.0,2.0
390.0,2.0
395.0,4.0
400.0,4.0
405.0,2.0
410.0,2.0
415.0,3.0
420.0,3.0
425.0,2.0
430.0,2.0
435.0,1.0
470.0,1.0
475.0,2.0
480.0,2.0
485.0,1.0
510.0,1.0
515.0,3.0
530.0,3.0
535.0,2.0
540.0,2.0
545.0,1.0
560.0,1.0
565.0,2.0
580.0,2.0
585.0,1.0
610.0,1.0
615.0,2.0
630.0,2.0
635.0,1.0
640.0,1.0
645.0,4.0
650.0,4.0
655.0,2.0
660.0,2.0
665.0,1.0
670.0,1.0
675.0,3.0
680.0,3.0
685.0,1.0
700.0,1.0
705.0,4.0
710.0,4.0
715.0,2.0
730.0,2.0
735.0,1.0
760.0,1.0
765.0,2.0
770.0,2.0
775.0,4.0
780.0,4.0
785.0,1.0
800.0,1.0
805.0,2.0
810.0,2.0
815.0,1.0
820.0,1.0
825.0,2.0
840.0,2.0
845.0,1.0
910.0,1.0
915.0,4.0
920.0,4.0
925.0,3.0
930.0,3.0
935.0,2.0
940.0,2.0
945.0,4.0
950.0,4.0
955.0,1.0
960.0,1.0
965.0,3.0
970.0,3.0
975.0,1.0
980.0,1.0
985.0,2.0
990.0,2.0
995.0,1.0
1000.0,1.0
1005.0,4.0
1010.0,4.0
1015.0,1.0
1040.0,1.0
1045.0,3.0
1050.0,3.0
1055.0,4.0
1060.0,4.0
1065.0,1.0
1070.0,1.0
1075.0,2.0
1080.0,2.0
1085.0,1.0
1090.0,1.0
1095.0,2.0
1100.0,2.0
1105.0,1.0
1110.0,1.0
1115.0,2.0
1130.0,2.0
1135.0,4.0
1140.0,4.0
1145.0,3.0
1150.0,3.0
1155.0,4.0
1170.0,4.0
1175.0,1.0
1180.0,1.0
1185.0,2.0
1200.0,2.0
1205.0,4.0
1210.0,4.0
1215.0,1.0
1220.0,1.0
1225.0,3.0
1230.0,3.0
1235.0,1.0
1240.0,1.0
1245.0,2.0
1260.0,2.0
1265.0,1.0
1280.0,1.0
1285.0,2.0
1290.0,2.0
1295.0,3.0
1300.0,3.0
1305.0,2.0
1310.0,2.0
1315.0,4.0
1320.0,4.0
1325.0,1.0
1360.0,1.0
1365.0,3.0
1370.0,3.0
1375.0,1.0
1390.0,1.0
1395.0,4.0
1400.0,4.0
1405.0,1.0
1410.0,1.0
1415.0,2.0
1420.0,2.0
1425.0,1.0
1430.0,1.0
1435.0,2.0
1440.0,2.0
1445.0,1.0
1510.0,1.0
1515.0,4.0
1520.0,4.0
1525.0,2.0
1530.0,2.0
1535.0,1.0
1580.0,1.0
1585.0,2.0
1590.0,2.0
1595.0,3.0
1600.0,3.0
1605.0,1.0
1610.0,1.0
1615.0,2.0
1620.0,2.0
1625.0,1.0
1650.0,1.0
1655.0,4.0
1660.0,4.0
1665.0,1.0
1680.0,1.0
1685.0,4.0
1690.0,4.0
1695.0,2.0
1700.0,2.0
1705.0,3.0
1710.0,3.0
1715.0,1.0
1720.0,1.0
1725.0,3.0
1730.0,3.0
1735.0,4.0
1750.0,4.0
1755.0,1.0
1780.0,1.0
1785.0,2.0
1790.0,2.0
1795.0,1.0
1800.0,1.0
1805.0,3.0
1810.0,3.0
1815.0,2.0
1820.0,2.0
1825.0,1.0
1860.0,1.0
1865.0,2.0
1870.0,2.0
1875.0,1.0
1900.0,1.0
1905.0,4.0
1910.0,4.0
1915.0,1.0
1930.0,1.0
1935.0,2.0
1940.0,2.0
1945.0,3.0
1950.0,3.0
1955.0,1.0
2000.0,1.0
2005.0,2.0
2010.0,2.0
2015.0,1.0
2060.0,1.0
2065.0,2.0
2070.0,2.0
2075.0,4.0
2080.0,4.0
2085.0,1.0
2090.0,1.0
2095.0,2.0
2100.0,2.0
2105.0,1.0
2110.0,1.0
2115.0,3.0
2120.0,3.0
2125.0,1.0
2130.0,1.0
2135.0,2.0
2140.0,2.0
2145.0,4.0
2150.0,4.0
2155.0,1.0
2160.0,1.0
2165.0,2.0
2170.0,2.0
2175.0,1.0
2190.0,1.0
2195.0,4.0
2200.0,4.0
2205.0,1.0
2250.0,1.0
2255.0,4.0
2260.0,4.0
2265.0,3.0
2270.0,3.0
2275.0,1.0
2280.0,1.0
2285.0,4.0
2290.0,4.0
2295.0,1.0
2300.0,1.0
2305.0,2.0
2310.0,2.0
2315.0,1.0
2340.0,1.0
2345.0,4.0
2350.0,4.0
2355.0,1.0
2390.0,1.0
2395.0,2.0
2400.0,2.0
2405.0,1.0
2410.0,1.0
2415.0,2.0
2420.0,2.0
2425.0,1.0
2430.0,1.0
2435.0,3.0
2440.0,3.0
2445.0,1.0
2460.0,1.0
2465.0,2.0
2470.0,2.0
2475.0,1.0
2480.0,1.0
2485.0,3.0
2490.0,3.0
2495.0,1.0
2500.0,1.0
2505.0,3.0
2520.0,3.0
2525.0,1.0
2540.0,1.0
2545.0,2.0
2550.0,2.0
2555.0,1.0
2580.0,1.0
2585.0,3.0
2590.0,3.0
2595.0,2.0
2600.0,2.0
2605.0,1.0
2650.0,1.0
2655.0,4.0
2660.0,4.0
2665.0,1.0
2670.0,1.0
2675.0,3.0
2680.0,3.0
2685.0,2.0
2690.0,2.0
2695.0,4.0
2700.0,4.0
2705.0,1.0
2710.0,1.0
2715.0,4.0
2730.0,4.0
2735.0,1.0
2760.0,1.0
2765.0,4.0
2770.0,4.0
2775.0,2.0
2780.0,2.0
2785.0,1.0
2830.0,1.0
2835.0,4.0
2840.0,4.0
2845.0,2.0
2850.0,2.0
2855.0,3.0
2860.0,3.0
2865.0,1.0
2890.0,1.0
2895.0,2.0
2900.0,2.0
2905.0,1.0
2910.0,1.0
2915.0,3.0
2920.0,3.0
2925.0,1.0
2940.0,1.0
2945.0,2.0
2950.0,2.0
2955.0,1.0
2960.0,1.0
2965.0,4.0
2970.0,4.0
2975.0,1.0
2980.0,1.0
2985.0,2.0
2990.0,2.0
2995.0,1.0
3020.0,1.0
3025.0,4.0
3040.0,4.0
3045.0,1.0
3060.0,1.0
3065.0,3.0
3070.0,3.0
3075.0,2.0
3080.0,2.0
3085.0,4.0
3090.0,4.0
3095.0,1.0
3110.0,1.0
3115.0,4.0
3120.0,4.0
3125.0,1.0
3160.0,1.0
3165.0,4.0
3170.0,4.0
3175.0,2.0
3180.0,2.0
3185.0,1.0
3200.0,1.0
3205.0,2.0
3210.0,2.0
3215.0,3.0
3230.0,3.0
3235.0,4.0
3240.0,4.0
3245.0,1.0
3260.0,1.0
3265.0,4.0
3270.0,4.0
3275.0,2.0
3280.0,2.0
3285.0,1.0
3300.0,1.0
3305.0,3.0
3310.0,3.0
3315.0,1.0
3320.0,1.0
3325.0,3.0
3340.0,3.0
3345.0,1.0
3360.0,1.0
3365.0,2.0
3370.0,2.0
3375.0,4.0
3380.0,4.0
3385.0,3.0
3390.0,3.0
3395.0,1.0
3400.0,1.0
3405.0,3.0
3410.0,3.0
3415.0,1.0
3440.0,1.0
3445.0,2.0
3450.0,2.0
3455.0,4.0
3460.0,4.0
3465.0,1.0
3480.0,1.0
3485.0,4.0
3500.0,4.0
3505.0,1.0
3530.0,1.0
3535.0,3.0
3540.0,3.0
3545.0,1.0
3550.0,1.0
3555.0,2.0
3560.0,2.0
3565.0,1.0
3590.0,1.0
3595.0,2.0
