0.0,1.0
0.0,1.0
20.0,1.0
25.0,3.0
50.0,3.0
55.0,1.0
60.0,1.0
65.0,3.0
90.0,3.0
95.0,4.0
100.0,4.0
105.0,3.0
120.0,3.0
125.0,1.0
130.0,1.0
135.0,3.0
140.0,3.0
145.0,4.0
150.0,4.0
155.0,3.0
160.0,3.0
165.0,1.0
170.0,1.0
175.0,3.0
200.0,3.0
205.0,2.0
210.0,2.0
215.0,1.0
220.0,1.0
225.0,3.0
260.0,3.0
265.0,1.0
290.0,1.0
295.0,3.0
310.0,3.0
315.0,4.0
330.0,4.0
335.0,1.0
340.0,1.0
345.0,2.0
350.0,2.0
355.0,4.0
360.0,4.0
365.0,2.0
370.0,2.0
375.0,4.0
390.0,4.0
395.0,3.0
410.0,3.0
415.0,4.0
420.0,4.0
425.0,1.0
430.0,1.0
435.0,3.0
440.0,3.0
445.0,2.0
450.0,2.0
455.0,3.0
460.0,3.0
465.0,4.0
510.0,4.0
515.0,1.0
520.0,1.0
525.0,2.0
550.0,2.0
555.0,1.0
570.0,1.0
575.0,2.0
580.0,2.0
585.0,4.0
590.0,4.0
595.0,1.0
600.0,1.0
605.0,3.0
610.0,3.0
615.0,4.0
620.0,4.0
625.0,1.0
650.0,1.0
655.0,4.0
660.0,4.0
665.0,3.0
670.0,3.0
675.0,4.0
680.0,4.0
685.0,2.0
690.0,2.0
695.0,4.0
700.0,4.0
705.0,1.0
730.0,1.0
735.0,4.0
740.0,4.0
745.0,3.0
750.0,3.0
755.0,4.0
760.0,4.0
765.0,3.0
780.0,3.0
785.0,2.0
790.0,2.0
795.0,1.0
800.0,1.0
805.0,4.0
810.0,4.0
815.0,1.0
830.0,1.0
835.0,2.0
840.0,2.0
845.0,4.0
850.0,4.0
855.0,3.0
860.0,3.0
865.0,4.0
870.0,4.0
875.0,1.0
880.0,1.0
885.0,3.0
890.0,3.0
895.0,1.0
910.0,1.0
915.0,3.0
950.0,3.0
955.0,1.0
960.0,1.0
965.0,2.0
970.0,2.0
975.0,1.0
990.0,1.0
995.0,2.0
1000.0,2.0
1005.0,3.0
1010.0,3.0
1015.0,4.0
1020.0,4.0
1025.0,3.0
1040.0,3.0
1045.0,2.0
1050.0,2.0
1055.0,4.0
1060.0,4.0
1065.0,2.0
1070.0,2.0
1075.0,4.0
1080.0,4.0
1085.0,2.0
1100.0,2.0
1105.0,4.0
1110.0,4.0
1115.0,3.0
1120.0,3.0
1125.0,4.0
1130.0,4.0
1135.0,2.0
1140.0,2.0
1145.0,1.0
1150.0,1.0
1155.0,3.0
1160.0,3.0
1165.0,1.0
1170.0,1.0
1175.0,4.0
1180.0,4.0
1185.0,2.0
1190.0,2.0
1195.0,3.0
1200.0,3.0
1205.0,2.0
1210.0,2.0
1215.0,3.0
1250.0,3.0
1255.0,1.0
1260.0,1.0
1265.0,2.0
1270.0,2.0
1275.0,3.0
1280.0,3.0
1285.0,1.0
1290.0,1.0
1295.0,4.0
1300.0,4.0
1305.0,1.0
1310.0,1.0
1315.0,3.0
1320.0,3.0
1325.0,4.0
1330.0,4.0
1335.0,2.0
1340.0,2.0
1345.0,1.0
1360.0,1.0
1365.0,2.0
1370.0,2.0
1375.0,1.0
1380.0,1.0
1385.0,2.0
1390.0,2.0
1395.0,1.0
1430.0,1.0
1435.0,3.0
1440.0,3.0
1445.0,2.0
1460.0,2.0
1465.0,4.0
1470.0,4.0
1475.0,2.0
1480.0,2.0
1485.0,3.0
1490.0,3.0
1495.0,1.0
1510.0,1.0
1515.0,3.0
1520.0,3.0
1525.0,4.0
1530.0,4.0
1535.0,2.0
1540.0,2.0
1545.0,4.0
1560.0,4.0
1565.0,3.0
1580.0,3.0
1585.0,2.0
1590.0,2.0
1595.0,3.0
1610.0,3.0
1615.0,2.0
1620.0,2.0
1625.0,3.0
1640.0,3.0
1645.0,2.0
1650.0,2.0
1655.0,3.0
1710.0,3.0
1715.0,1.0
1720.0,1.0
1725.0,2.0
1740.0,2.0
1745.0,3.0
1750.0,3.0
1755.0,1.0
1780.0,1.0
1785.0,2.0
1790.0,2.0
1795.0,4.0
1800.0,4.0
1805.0,1.0
1820.0,1.0
1825.0,2.0
1840.0,2.0
1845.0,4.0
1850.0,4.0
1855.0,2.0
1860.0,2.0
1865.0,1.0
1880.0,1.0
1885.0,4.0
1890.0,4.0
1895.0,1.0
1900.0,1.0
1905.0,4.0
1910.0,4.0
1915.0,1.0
1930.0,1.0
1935.0,2.0
1940.0,2.0
1945.0,4.0
1950.0,4.0
1955.0,3.0
1960.0,3.0
1965.0,4.0
1980.0,4.0
1985.0,1.0
1990.0,1.0
1995.0,2.0
2000.0,2.0
2005.0,3.0
2010.0,3.0
2015.0,1.0
2020.0,1.0
2025.0,4.0
2030.0,4.0
2035.0,2.0
2040.0,2.0
2045.0,3.0
2070.0,3.0
2075.0,1.0
2100.0,1.0
2105.0,3.0
2110.0,3.0
2115.0,1.0
2120.0,1.0
2125.0,3.0
2130.0,3.0
2135.0,2.0
2140.0,2.0
2145.0,3.0
2150.0,3.0
2155.0,2.0
2170.0,2.0
2175.0,3.0
2180.0,3.0
2185.0,1.0
2200.0,1.0
2205.0,4.0
2220.0,4.0
2225.0,2.0
2230.0,2.0
2235.0,3.0
2260.0,3.0
2265.0,1.0
2270.0,1.0
2275.0,2.0
2280.0,2.0
2285.0,1.0
2290.0,1.0
2295.0,3.0
2320.0,3.0
2325.0,4.0
2330.0,4.0
2335.0,2.0
2340.0,2.0
2345.0,4.0
2350.0,4.0
2355.0,1.0
2360.0,1.0
2365.0,3.0
2370.0,3.0
2375.0,4.0
2380.0,4.0
2385.0,1.0
2400.0,1.0
2405.0,3.0
2410.0,3.0
2415.0,2.0
2420.0,2.0
2425.0,1.0
2430.0,1.0
2435.0,4.0
2440.0,4.0
2445.0,2.0
2480.0,2.0
2485.0,1.0
2500.0,1.0
2505.0,2.0
2510.0,2.0
2515.0,1.0
2520.0,1.0
2525.0,2.0
2530.0,2.0
2535.0,4.0
2540.0,4.0
2545.0,2.0
2550.0,2.0
2555.0,1.0
2580.0,1.0
2585.0,4.0
2590.0,4.0
2595.0,2.0
2600.0,2.0
2605.0,1.0
2610.0,1.0
2615.0,3.0
2620.0,3.0
2625.0,1.0
2640.0,1.0
2645.0,4.0
2650.0,4.0
2655.0,3.0
2660.0,3.0
2665.0,1.0
2680.0,1.0
2685.0,2.0
2700.0,2.0
2705.0,1.0
2730.0,1.0
2735.0,3.0
2740.0,3.0
2745.0,1.0
2750.0,1.0
2755.0,2.0
2760.0,2.0
2765.0,4.0
2790.0,4.0
2795.0,1.0
2800.0,1.0
2805.0,2.0
2810.0,2.0
2815.0,3.0
2820.0,3.0
2825.0,2.0
2830.0,2.0
2835.0,3.0
2850.0,3.0
2855.0,2.0
2870.0,2.0
2875.0,1.0
2900.0,1.0
2905.0,3.0
2910.0,3.0
2915.0,1.0
2950.0,1.0
2955.0,2.0
2960.0,2.0
2965.0,1.0
2970.0,1.0
2975.0,4.0
3000.0,4.0
3005.0,3.0
3020.0,3.0
3025.0,4.0
3030.0,4.0
3035.0,2.0
3040.0,2.0
3045.0,4.0
3050.0,4.0
3055.0,3.0
3060.0,3.0
3065.0,2.0
3070.0,2.0
3075.0,1.0
3090.0,1.0
3095.0,2.0
3100.0,2.0
3105.0,3.0
3110.0,3.0
3115.0,1.0
3120.0,1.0
3125.0,2.0
3130.0,2.0
3135.0,1.0
3160.0,1.0
3165.0,4.0
3170.0,4.0
3175.0,1.0
3190.0,1.0
3195.0,3.0
3200.0,3.0
3205.0,2.0
3220.0,2.0
3225.0,4.0
3230.0,4.0
3235.0,1.0
3240.0,1.0
3245.0,4.0
3260.0,4.0
3265.0,1.0
3270.0,1.0
3275.0,3.0
3280.0,3.0
3285.0,4.0
3290.0,4.0
3295.0,2.0
3300.0,2.0
3305.0,1.0
3320.0,1.0
3325.0,3.0
3330.0,3.0
3335.0,1.0
3340.0,1.0
3345.0,2.0
3350.0,2.0
3355.0,4.0
3360.0,4.0
3365.0,3.0
3370.0,3.0
3375.0,2.0
3380.0,2.0
3385.0,1.0
3400.0,1.0
3405.0,3.0
3420.0,3.0
3425.0,1.0
3440.0,1.0
3445.0,3.0
3450.0,3.0
3455.0,1.0
3460.0,1.0
3465.0,2.0
3480.0,2.0
3485.0,4.0
3490.0,4.0
3495.0,1.0
3520.0,1.0
3525.0,4.0
3530.0,4.0
3535.0,3.0
3540.0,3.0
3545.0,4.0
3550.0,4.0
3555.0,3.0
3560.0,3.0
3565.0,1.0
3570.0,1.0
3575.0,2.0
3580.0,2.0
3585.0,3.0
