0.0,1.0
0.0,1.0
50.0,1.0
55.0,3.0
60.0,3.0
65.0,1.0
70.0,1.0
75.0,4.0
80.0,4.0
85.0,1.0
170.0,1.0
175.0,4.0
180.0,4.0
185.0,1.0
200.0,1.0
205.0,2.0
210.0,2.0
215.0,3.0
230.0,3.0
235.0,1.0
250.0,1.0
255.0,2.0
260.0,2.0
265.0,1.0
290.0,1.0
295.0,2.0
310.0,2.0
315.0,1.0
330.0,1.0
335.0,2.0
340.0,2.0
345.0,1.0
350.0,1.0
355.0,2.0
360.0,2.0
365.0,1.0
380.0,1.0
385.0,3.0
390.0,3.0
395.0,1.0
410.0,1.0
415.0,3.0
420.0,3.0
425.0,1.0
430.0,1.0
435.0,2.0
440.0,2.0
445.0,1.0
450.0,1.0
455.0,4.0
460.0,4.0
465.0,1.0
470.0,1.0
475.0,2.0
480.0,2.0
485.0,1.0
520.0,1.0
525.0,2.0
530.0,2.0
535.0,1.0
540.0,1.0
545.0,2.0
550.0,2.0
555.0,4.0
560.0,4.0
565.0,1.0
570.0,1.0
575.0,2.0
580.0,2.0
585.0,1.0
600.0,1.0
605.0,4.0
610.0,4.0
615.0,2.0
620.0,2.0
625.0,1.0
640.0,1.0
645.0,4.0
650.0,4.0
655.0,1.0
670.0,1.0
675.0,2.0
680.0,2.0
685.0,1.0
690.0,1.0
695.0,2.0
700.0,2.0
705.0,4.0
710.0,4.0
715.0,1.0
750.0,1.0
755.0,2.0
760.0,2.0
765.0,1.0
770.0,1.0
775.0,2.0
780.0,2.0
785.0,1.0
800.0,1.0
805.0,2.0
820.0,2.0
825.0,1.0
840.0,1.0
845.0,4.0
850.0,4.0
855.0,3.0
860.0,3.0
865.0,4.0
870.0,4.0
875.0,1.0
880.0,1.0
885.0,3.0
900.0,3.0
905.0,1.0
910.0,1.0
915.0,2.0
920.0,2.0
925.0,4.0
930.0,4.0
935.0,1.0
950.0,1.0
955.0,2.0
960.0,2.0
965.0,4.0
970.0,4.0
975.0,1.0
1020.0,1.0
1025.0,2.0
1030.0,2.0
1035.0,1.0
1040.0,1.0
1045.0,2.0
1050.0,2.0
1055.0,1.0
1090.0,1.0
1095.0,2.0
1110.0,2.0
1115.0,1.0
1120.0,1.0
1125.0,2.0
1140.0,2.0
1145.0,1.0
1190.0,1.0
1195.0,2.0
1200.0,2.0
1205.0,1.0
1240.0,1.0
1245.0,2.0
1260.0,2.0
1265.0,1.0
1300.0,1.0
1305.0,2.0
1310.0,2.0
1315.0,1.0
1330.0,1.0
1335.0,3.0
1340.0,3.0
1345.0,2.0
1350.0,2.0
1355.0,1.0
1360.0,1.0
1365.0,4.0
1370.0,4.0
1375.0,1.0
1380.0,1.0
1385.0,3.0
1390.0,3.0
1395.0,2.0
1400.0,2.0
1405.0,1.0
1420.0,1.0
1425.0,2.0
1430.0,2.0
1435.0,1.0
1440.0,1.0
1445.0,4.0
1450.0,4.0
1455.0,1.0
1490.0,1.0
1495.0,2.0
1500.0,2.0
1505.0,1.0
1530.0,1.0
1535.0,3.0
1540.0,3.0
1545.0,1.0
1550.0,1.0
1555.0,2.0
1570.0,2.0
1575.0,1.0
1630.0,1.0
1635.0,4.0
1640.0,4.0
1645.0,1.0
1670.0,1.0
1675.0,2.0
1680.0,2.0
1685.0,1.0
1690.0,1.0
1695.0,2.0
1700.0,2.0
1705.0,1.0
1710.0,1.0
1715.0,2.0
1720.0,2.0
1725.0,4.0
1730.0,4.0
1735.0,1.0
1740.0,1.0
1745.0,2.0
1750.0,2.0
1755.0,1.0
1770.0,1.0
1775.0,2.0
1780.0,2.0
1785.0,1.0
1810.0,1.0
1815.0,2.0
1820.0,2.0
1825.0,1.0
1850.0,1.0
1855.0,2.0
1860.0,2.0
1865.0,1.0
1890.0,1.0
1895.0,3.0
1900.0,3.0
1905.0,4.0
1910.0,4.0
1915.0,1.0
1920.0,1.0
1925.0,2.0
1940.0,2.0
1945.0,1.0
1970.0,1.0
1975.0,4.0
1980.0,4.0
1985.0,2.0
1990.0,2.0
1995.0,3.0
2000.0,3.0
2005.0,2.0
2010.0,2.0
2015.0,1.0
2020.0,1.0
2025.0,2.0
2030.0,2.0
2035.0,1.0
2050.0,1.0
2055.0,2.0
2060.0,2.0
2065.0,1.0
2070.0,1.0
2075.0,3.0
2080.0,3.0
2085.0,1.0
2100.0,1.0
2105.0,2.0
2110.0,2.0
2115.0,1.0
2160.0,1.0
2165.0,3.0
2170.0,3.0
2175.0,1.0
2180.0,1.0
2185.0,2.0
2190.0,2.0
2195.0,1.0
2240.0,1.0
2245.0,2.0
2260.0,2.0
2265.0,4.0
2270.0,4.0
2275.0,1.0
2290.0,1.0
2295.0,2.0
2300.0,2.0
2305.0,1.0
2330.0,1.0
2335.0,2.0
2340.0,2.0
2345.0,1.0
2350.0,1.0
2355.0,3.0
2360.0,3.0
2365.0,1.0
2380.0,1.0
2385.0,2.0
2410.0,2.0
2415.0,1.0
2460.0,1.0
2465.0,2.0
2470.0,2.0
2475.0,1.0
2490.0,1.0
2495.0,2.0
2500.0,2.0
2505.0,1.0
2510.0,1.0
2515.0,4.0
2520.0,4.0
2525.0,1.0
2540.0,1.0
2545.0,2.0
2550.0,2.0
2555.0,3.0
2560.0,3.0
2565.0,1.0
2580.0,1.0
2585.0,2.0
2590.0,2.0
2595.0,1.0
2610.0,1.0
2615.0,2.0
2620.0,2.0
2625.0,1.0
2630.0,1.0
2635.0,3.0
2650.0,3.0
2655.0,2.0
2660.0,2.0
2665.0,1.0
2670.0,1.0
2675.0,4.0
2680.0,4.0
2685.0,1.0
2700.0,1.0
2705.0,2.0
2710.0,2.0
2715.0,1.0
2740.0,1.0
2745.0,2.0
2750.0,2.0
2755.0,1.0
2780.0,1.0
2785.0,3.0
2790.0,3.0
2795.0,1.0
2810.0,1.0
2815.0,2.0
2820.0,2.0
2825.0,3.0
2830.0,3.0
2835.0,1.0
2850.0,1.0
2855.0,2.0
2860.0,2.0
2865.0,1.0
2870.0,1.0
2875.0,2.0
2880.0,2.0
2885.0,1.0
2890.0,1.0
2895.0,2.0
2910.0,2.0
2915.0,1.0
2940.0,1.0
2945.0,2.0
2950.0,2.0
2955.0,1.0
2970.0,1.0
2975.0,2.0
2980.0,2.0
2985.0,1.0
3020.0,1.0
3025.0,3.0
3030.0,3.0
3035.0,1.0
3040.0,1.0
3045.0,3.0
3050.0,3.0
3055.0,1.0
3060.0,1.0
3065.0,2.0
3070.0,2.0
3075.0,3.0
3080.0,3.0
3085.0,1.0
3100.0,1.0
3105.0,3.0
3110.0,3.0
3115.0,1.0
3150.0,1.0
3155.0,2.0
3170.0,2.0
3175.0,1.0
3180.0,1.0
3185.0,2.0
3190.0,2.0
3195.0,1.0
3200.0,1.0
3205.0,4.0
3210.0,4.0
3215.0,3.0
3220.0,3.0
3225.0,1.0
3260.0,1.0
3265.0,2.0
3270.0,2.0
3275.0,3.0
3280.0,3.0
3285.0,1.0
3290.0,1.0
3295.0,2.0
3300.0,2.0
3305.0,1.0
3320.0,1.0
3325.0,2.0
3330.0,2.0
3335.0,1.0
3350.0,1.0
3355.0,2.0
3360.0,2.0
3365.0,1.0
3380.0,1.0
3385.0,4.0
3390.0,4.0
3395.0,1.0
3400.0,1.0
3405.0,4.0
3410.0,4.0
3415.0,1.0
3420.0,1.0
3425.0,2.0
3430.0,2.0
3435.0,1.0
3460.0,1.0
3465.0,2.0
3470.0,2.0
3475.0,1.0
3490.0,1.0
3495.0,2.0
3500.0,2.0
3505.0,1.0
3510.0,1.0
3515.0,2.0
3520.0,2.0
3525.0,1.0
3550.0,1.0
3555.0,4.0
3560.0,4.0
3565.0,1.0
