0.0,1.0
0.0,1.0
0.0,1.0
5.0,4.0
20.0,4.0
25.0,2.0
50.0,2.0
55.0,3.0
60.0,3.0
65.0,2.0
70.0,2.0
75.0,3.0
80.0,3.0
85.0,1.0
130.0,1.0
135.0,2.0
140.0,2.0
145.0,1.0
170.0,1.0
175.0,2.0
180.0,2.0
185.0,1.0
200.0,1.0
205.0,3.0
210.0,3.0
215.0,1.0
240.0,1.0
245.0,2.0
250.0,2.0
255.0,1.0
290.0,1.0
295.0,2.0
320.0,2.0
325.0,4.0
330.0,4.0
335.0,1.0
350.0,1.0
355.0,2.0
360.0,2.0
365.0,3.0
370.0,3.0
375.0,1.0
380.0,1.0
385.0,3.0
390.0,3.0
395.0,4.0
400.0,4.0
405.0,1.0
410.0,1.0
415.0,4.0
420.0,4.0
425.0,1.0
430.0,1.0
435.0,2.0
440.0,2.0
445.0,1.0
460.0,1.0
465.0,2.0
470.0,2.0
475.0,1.0
510.0,1.0
515.0,3.0
520.0,3.0
525.0,2.0
530.0,2.0
535.0,1.0
550.0,1.0
555.0,2.0
560.0,2.0
565.0,1.0
580.0,1.0
585.0,2.0
590.0,2.0
595.0,1.0
600.0,1.0
605.0,2.0
610.0,2.0
615.0,1.0
660.0,1.0
665.0,2.0
670.0,2.0
675.0,1.0
680.0,1.0
685.0,2.0
700.0,2.0
705.0,1.0
730.0,1.0
735.0,3.0
740.0,3.0
745.0,4.0
750.0,4.0
755.0,1.0
760.0,1.0
765.0,2.0
770.0,2.0
775.0,1.0
780.0,1.0
785.0,2.0
790.0,2.0
795.0,1.0
810.0,1.0
815.0,2.0
820.0,2.0
825.0,1.0
830.0,1.0
835.0,2.0
840.0,2.0
845.0,4.0
850.0,4.0
855.0,1.0
890.0,1.0
895.0,2.0
900.0,2.0
905.0,3.0
910.0,3.0
915.0,2.0
920.0,2.0
925.0,1.0
940.0,1.0
945.0,2.0
950.0,2.0
955.0,1.0
970.0,1.0
975.0,2.0
980.0,2.0
985.0,1.0
1000.0,1.0
1005.0,3.0
1010.0,3.0
1015.0,2.0
1020.0,2.0
1025.0,1.0
1030.0,1.0
1035.0,2.0
1040.0,2.0
1045.0,1.0
1070.0,1.0
1075.0,4.0
1080.0,4.0
1085.0,1.0
1090.0,1.0
1095.0,2.0
1100.0,2.0
1105.0,1.0
1110.0,1.0
1115.0,2.0
1120.0,2.0
1125.0,1.0
1140.0,1.0
1145.0,2.0
1150.0,2.0
1155.0,1.0
1170.0,1.0
1175.0,4.0
1180.0,4.0
1185.0,1.0
1190.0,1.0
1195.0,2.0
1200.0,2.0
1205.0,3.0
1210.0,3.0
1215.0,1.0
1230.0,1.0
1235.0,2.0
1240.0,2.0
1245.0,1.0
1260.0,1.0
1265.0,3.0
1270.0,3.0
1275.0,1.0
1280.0,1.0
1285.0,2.0
1290.0,2.0
1295.0,1.0
1310.0,1.0
1315.0,3.0
1320.0,3.0
1325.0,1.0
1330.0,1.0
1335.0,2.0
1340.0,2.0
1345.0,1.0
1360.0,1.0
1365.0,3.0
1370.0,3.0
1375.0,1.0
1380.0,1.0
1385.0,2.0
1400.0,2.0
1405.0,1.0
1420.0,1.0
1425.0,2.0
1430.0,2.0
1435.0,1.0
1460.0,1.0
1465.0,2.0
1470.0,2.0
1475.0,3.0
1480.0,3.0
1485.0,1.0
1500.0,1.0
1505.0,2.0
1510.0,2.0
1515.0,1.0
1520.0,1.0
1525.0,2.0
1530.0,2.0
1535.0,1.0
1540.0,1.0
1545.0,4.0
1550.0,4.0
1555.0,1.0
1560.0,1.0
1565.0,2.0
1570.0,2.0
1575.0,1.0
1580.0,1.0
1585.0,2.0
1600.0,2.0
1605.0,1.0
1610.0,1.0
1615.0,2.0
1620.0,2.0
1625.0,4.0
1630.0,4.0
1635.0,1.0
1650.0,1.0
1655.0,2.0
1660.0,2.0
1665.0,1.0
1680.0,1.0
1685.0,2.0
1700.0,2.0
1705.0,3.0
1710.0,3.0
1715.0,1.0
1730.0,1.0
1735.0,2.0
1740.0,2.0
1745.0,1.0
1760.0,1.0
1765.0,2.0
1770.0,2.0
1775.0,1.0
1780.0,1.0
1785.0,2.0
1790.0,2.0
1795.0,1.0
1820.0,1.0
1825.0,2.0
1830.0,2.0
1835.0,1.0
1870.0,1.0
1875.0,2.0
1880.0,2.0
1885.0,1.0
1900.0,1.0
1905.0,2.0
1910.0,2.0
1915.0,1.0
1940.0,1.0
1945.0,2.0
1950.0,2.0
1955.0,1.0
1990.0,1.0
1995.0,4.0
2000.0,4.0
2005.0,1.0
2010.0,1.0
2015.0,2.0
2020.0,2.0
2025.0,1.0
2030.0,1.0
2035.0,2.0
2040.0,2.0
2045.0,1.0
2050.0,1.0
2055.0,3.0
2060.0,3.0
2065.0,2.0
2070.0,2.0
2075.0,1.0
2090.0,1.0
2095.0,2.0
2100.0,2.0
2105.0,1.0
2130.0,1.0
2135.0,2.0
2150.0,2.0
2155.0,4.0
2160.0,4.0
2165.0,1.0
2170.0,1.0
2175.0,3.0
2180.0,3.0
2185.0,1.0
2200.0,1.0
2205.0,2.0
2210.0,2.0
2215.0,1.0
2220.0,1.0
2225.0,2.0
2230.0,2.0
2235.0,1.0
2240.0,1.0
2245.0,2.0
2260.0,2.0
2265.0,1.0
2290.0,1.0
2295.0,2.0
2300.0,2.0
2305.0,1.0
2310.0,1.0
2315.0,2.0
2320.0,2.0
2325.0,1.0
2350.0,1.0
2355.0,2.0
2360.0,2.0
2365.0,4.0
2370.0,4.0
2375.0,1.0
2380.0,1.0
2385.0,2.0
2390.0,2.0
2395.0,1.0
2400.0,1.0
2405.0,4.0
2410.0,4.0
2415.0,1.0
2430.0,1.0
2435.0,2.0
2440.0,2.0
2445.0,1.0
2450.0,1.0
2455.0,2.0
2460.0,2.0
2465.0,4.0
2470.0,4.0
2475.0,1.0
2480.0,1.0
2485.0,2.0
2490.0,2.0
2495.0,1.0
2510.0,1.0
2515.0,2.0
2520.0,2.0
2525.0,4.0
2530.0,4.0
2535.0,3.0
2540.0,3.0
2545.0,1.0
2560.0,1.0
2565.0,4.0
2570.0,4.0
2575.0,1.0
2580.0,1.0
2585.0,2.0
2600.0,2.0
2605.0,1.0
2610.0,1.0
2615.0,2.0
2620.0,2.0
2625.0,1.0
2660.0,1.0
2665.0,2.0
2670.0,2.0
2675.0,1.0
2710.0,1.0
2715.0,2.0
2720.0,2.0
2725.0,1.0
2740.0,1.0
2745.0,2.0
2750.0,2.0
2755.0,1.0
2770.0,1.0
2775.0,3.0
2780.0,3.0
2785.0,1.0
2790.0,1.0
2795.0,2.0
2800.0,2.0
2805.0,1.0
2820.0,1.0
2825.0,2.0
2830.0,2.0
2835.0,1.0
2850.0,1.0
2855.0,2.0
2860.0,2.0
2865.0,1.0
2890.0,1.0
2895.0,2.0
2900.0,2.0
2905.0,1.0
2920.0,1.0
2925.0,2.0
2930.0,2.0
2935.0,1.0
2940.0,1.0
2945.0,2.0
2950.0,2.0
2955.0,1.0
3020.0,1.0
3025.0,2.0
3030.0,2.0
3035.0,1.0
3040.0,1.0
3045.0,2.0
3050.0,2.0
3055.0,1.0
3090.0,1.0
3095.0,2.0
3100.0,2.0
3105.0,1.0
3120.0,1.0
3125.0,4.0
3130.0,4.0
3135.0,2.0
3150.0,2.0
3155.0,4.0
3160.0,4.0
3165.0,2.0
3170.0,2.0
3175.0,1.0
3190.0,1.0
3195.0,2.0
3200.0,2.0
3205.0,1.0
3210.0,1.0
3215.0,3.0
3220.0,3.0
3225.0,4.0
3230.0,4.0
3235.0,3.0
3240.0,3.0
3245.0,1.0
3260.0,1.0
3265.0,2.0
3270.0,2.0
3275.0,1.0
3290.0,1.0
3295.0,2.0
3300.0,2.0
3305.0,1.0
3310.0,1.0
3315.0,2.0
3320.0,2.0
3325.0,1.0
3360.0,1.0
3365.0,2.0
3370.0,2.0
3375.0,1.0
3390.0,1.0
3395.0,2.0
3400.0,2.0
3405.0,1.0
3430.0,1.0
3435.0,2.0
3440.0,2.0
3445.0,1.0
3460.0,1.0
3465.0,2.0
3480.0,2.0
3485.0,1.0
3490.0,1.0
3495.0,2.0
3500.0,2.0
3505.0,1.0
3550.0,1.0
3555.0,2.0
3560.0,2.0
3565.0,1.0
3590.0,1.0
3595.0,2.0
