0.0,1.0
0.0,1.0
0.0,1.0
5.0,2.0
10.0,2.0
15.0,1.0
40.0,1.0
45.0,4.0
50.0,4.0
55.0,1.0
90.0,1.0
95.0,3.0
100.0,3.0
105.0,1.0
120.0,1.0
125.0,2.0
130.0,2.0
135.0,1.0
180.0,1.0
185.0,2.0
190.0,2.0
195.0,1.0
230.0,1.0
235.0,2.0
240.0,2.0
245.0,1.0
250.0,1.0
255.0,2.0
260.0,2.0
265.0,1.0
300.0,1.0
305.0,2.0
310.0,2.0
315.0,1.0
350.0,1.0
355.0,2.0
360.0,2.0
365.0,1.0
370.0,1.0
375.0,2.0
380.0,2.0
385.0,1.0
410.0,1.0
415.0,2.0
420.0,2.0
425.0,1.0
430.0,1.0
435.0,2.0
440.0,2.0
445.0,1.0
450.0,1.0
455.0,2.0
460.0,2.0
465.0,1.0
470.0,1.0
475.0,2.0
480.0,2.0
485.0,1.0
500.0,1.0
505.0,2.0
510.0,2.0
515.0,1.0
530.0,1.0
535.0,2.0
540.0,2.0
545.0,1.0
550.0,1.0
555.0,2.0
560.0,2.0
565.0,1.0
600.0,1.0
605.0,3.0
610.0,3.0
615.0,1.0
650.0,1.0
655.0,2.0
660.0,2.0
665.0,1.0
670.0,1.0
675.0,2.0
680.0,2.0
685.0,1.0
690.0,1.0
695.0,2.0
700.0,2.0
705.0,1.0
710.0,1.0
715.0,4.0
720.0,4.0
725.0,1.0
740.0,1.0
745.0,2.0
750.0,2.0
755.0,1.0
790.0,1.0
795.0,2.0
810.0,2.0
815.0,3.0
820.0,3.0
825.0,1.0
830.0,1.0
835.0,3.0
840.0,3.0
845.0,1.0
850.0,1.0
855.0,2.0
860.0,2.0
865.0,1.0
890.0,1.0
895.0,4.0
900.0,4.0
905.0,1.0
910.0,1.0
915.0,2.0
920.0,2.0
925.0,1.0
930.0,1.0
935.0,2.0
950.0,2.0
955.0,1.0
970.0,1.0
975.0,2.0
980.0,2.0
985.0,3.0
990.0,3.0
995.0,1.0
1010.0,1.0
1015.0,2.0
1020.0,2.0
1025.0,1.0
1040.0,1.0
1045.0,2.0
1050.0,2.0
1055.0,1.0
1060.0,1.0
1065.0,2.0
1070.0,2.0
1075.0,1.0
1080.0,1.0
1085.0,2.0
1090.0,2.0
1095.0,1.0
1100.0,1.0
1105.0,2.0
1110.0,2.0
1115.0,3.0
1120.0,3.0
1125.0,1.0
1180.0,1.0
1185.0,2.0
1190.0,2.0
1195.0,1.0
1210.0,1.0
1215.0,2.0
1220.0,2.0
1225.0,1.0
1230.0,1.0
1235.0,2.0
1240.0,2.0
1245.0,1.0
1300.0,1.0
1305.0,2.0
1310.0,2.0
1315.0,1.0
1330.0,1.0
1335.0,2.0
1340.0,2.0
1345.0,1.0
1350.0,1.0
1355.0,2.0
1360.0,2.0
1365.0,1.0
1380.0,1.0
1385.0,2.0
1390.0,2.0
1395.0,3.0
1400.0,3.0
1405.0,1.0
1410.0,1.0
1415.0,3.0
1420.0,3.0
1425.0,1.0
1430.0,1.0
1435.0,2.0
1440.0,2.0
1445.0,1.0
1450.0,1.0
1455.0,3.0
1460.0,3.0
1465.0,1.0
1490.0,1.0
1495.0,2.0
1500.0,2.0
1505.0,4.0
1510.0,4.0
1515.0,1.0
1530.0,1.0
1535.0,2.0
1540.0,2.0
1545.0,1.0
1570.0,1.0
1575.0,2.0
1600.0,2.0
1605.0,1.0
1630.0,1.0
1635.0,3.0
1640.0,3.0
1645.0,4.0
1650.0,4.0
1655.0,1.0
1660.0,1.0
1665.0,4.0
1670.0,4.0
1675.0,2.0
1680.0,2.0
1685.0,1.0
1700.0,1.0
1705.0,2.0
1710.0,2.0
1715.0,1.0
1740.0,1.0
1745.0,3.0
1750.0,3.0
1755.0,2.0
1760.0,2.0
1765.0,1.0
1770.0,1.0
1775.0,4.0
1780.0,4.0
1785.0,1.0
1800.0,1.0
1805.0,2.0
1820.0,2.0
1825.0,1.0
1850.0,1.0
1855.0,3.0
1860.0,3.0
1865.0,4.0
1880.0,4.0
1885.0,1.0
1900.0,1.0
1905.0,2.0
1910.0,2.0
1915.0,1.0
1930.0,1.0
1935.0,2.0
1940.0,2.0
1945.0,1.0
1950.0,1.0
1955.0,2.0
1960.0,2.0
1965.0,1.0
1970.0,1.0
1975.0,2.0
1980.0,2.0
1985.0,1.0
2000.0,1.0
2005.0,3.0
2010.0,3.0
2015.0,1.0
2020.0,1.0
2025.0,3.0
2030.0,3.0
2035.0,1.0
2050.0,1.0
2055.0,3.0
2060.0,3.0
2065.0,2.0
2070.0,2.0
2075.0,1.0
2080.0,1.0
2085.0,2.0
2090.0,2.0
2095.0,1.0
2100.0,1.0
2105.0,2.0
2110.0,2.0
2115.0,1.0
2120.0,1.0
2125.0,2.0
2130.0,2.0
2135.0,1.0
2160.0,1.0
2165.0,4.0
2170.0,4.0
2175.0,1.0
2190.0,1.0
2195.0,2.0
2200.0,2.0
2205.0,1.0
2220.0,1.0
2225.0,2.0
2230.0,2.0
2235.0,1.0
2250.0,1.0
2255.0,2.0
2260.0,2.0
2265.0,1.0
2280.0,1.0
2285.0,3.0
2290.0,3.0
2295.0,1.0
2300.0,1.0
2305.0,2.0
2310.0,2.0
2315.0,1.0
2320.0,1.0
2325.0,3.0
2330.0,3.0
2335.0,1.0
2350.0,1.0
2355.0,2.0
2360.0,2.0
2365.0,1.0
2370.0,1.0
2375.0,2.0
2380.0,2.0
2385.0,1.0
2400.0,1.0
2405.0,4.0
2410.0,4.0
2415.0,1.0
2420.0,1.0
2425.0,2.0
2430.0,2.0
2435.0,3.0
2440.0,3.0
2445.0,1.0
2450.0,1.0
2455.0,2.0
2460.0,2.0
2465.0,3.0
2470.0,3.0
2475.0,1.0
2480.0,1.0
2485.0,2.0
2490.0,2.0
2495.0,1.0
2520.0,1.0
2525.0,2.0
2530.0,2.0
2535.0,1.0
2590.0,1.0
2595.0,2.0
2600.0,2.0
2605.0,1.0
2620.0,1.0
2625.0,2.0
2630.0,2.0
2635.0,1.0
2640.0,1.0
2645.0,2.0
2650.0,2.0
2655.0,1.0
2690.0,1.0
2695.0,2.0
2700.0,2.0
2705.0,1.0
2710.0,1.0
2715.0,2.0
2720.0,2.0
2725.0,1.0
2750.0,1.0
2755.0,4.0
2760.0,4.0
2765.0,1.0
2770.0,1.0
2775.0,2.0
2780.0,2.0
2785.0,1.0
2790.0,1.0
2795.0,4.0
2800.0,4.0
2805.0,1.0
2820.0,1.0
2825.0,2.0
2830.0,2.0
2835.0,1.0
2840.0,1.0
2845.0,2.0
2850.0,2.0
2855.0,1.0
2870.0,1.0
2875.0,2.0
2880.0,2.0
2885.0,4.0
2890.0,4.0
2895.0,1.0
2900.0,1.0
2905.0,2.0
2920.0,2.0
2925.0,1.0
2940.0,1.0
2945.0,2.0
2950.0,2.0
2955.0,1.0
2960.0,1.0
2965.0,2.0
2970.0,2.0
2975.0,1.0
2990.0,1.0
2995.0,2.0
3000.0,2.0
3005.0,4.0
3010.0,4.0
3015.0,2.0
3020.0,2.0
3025.0,1.0
3040.0,1.0
3045.0,3.0
3050.0,3.0
3055.0,2.0
3060.0,2.0
3065.0,1.0
3070.0,1.0
3075.0,2.0
3080.0,2.0
3085.0,3.0
3090.0,3.0
3095.0,1.0
3100.0,1.0
3105.0,2.0
3110.0,2.0
3115.0,1.0
3120.0,1.0
3125.0,4.0
3140.0,4.0
3145.0,2.0
3150.0,2.0
3155.0,1.0
3180.0,1.0
3185.0,4.0
3190.0,4.0
3195.0,1.0
3200.0,1.0
3205.0,2.0
3220.0,2.0
3225.0,1.0
3230.0,1.0
3235.0,2.0
3240.0,2.0
3245.0,1.0
3290.0,1.0
3295.0,2.0
3300.0,2.0
3305.0,1.0
3330.0,1.0
3335.0,2.0
3340.0,2.0
3345.0,1.0
3390.0,1.0
3395.0,2.0
3400.0,2.0
3405.0,1.0
3420.0,1.0
3425.0,2.0
3430.0,2.0
3435.0,4.0
3440.0,4.0
3445.0,1.0
3450.0,1.0
3455.0,2.0
3460.0,2.0
3465.0,1.0
3490.0,1.0
3495.0,2.0
3500.0,2.0
3505.0,1.0
3520.0,1.0
3525.0,3.0
3530.0,3.0
3535.0,2.0
3540.0,2.0
3545.0,1.0
3550.0,1.0
3555.0,2.0
3560.0,2.0
3565.0,1.0
