0.0,1.0
0.0,1.0
0.0,1.0
5.0,4.0
10.0,4.0
15.0,1.0
50.0,1.0
55.0,4.0
60.0,4.0
65.0,1.0
80.0,1.0
85.0,4.0
90.0,4.0
95.0,1.0
100.0,1.0
105.0,4.0
110.0,4.0
115.0,2.0
120.0,2.0
125.0,1.0
130.0,1.0
135.0,3.0
140.0,3.0
145.0,1.0
160.0,1.0
165.0,4.0
170.0,4.0
175.0,1.0
180.0,1.0
185.0,2.0
190.0,2.0
195.0,1.0
230.0,1.0
235.0,4.0
240.0,4.0
245.0,1.0
270.0,1.0
275.0,4.0
280.0,4.0
285.0,2.0
290.0,2.0
295.0,3.0
300.0,3.0
305.0,1.0
360.0,1.0
365.0,3.0
370.0,3.0
375.0,4.0
380.0,4.0
385.0,1.0
410.0,1.0
415.0,2.0
420.0,2.0
425.0,4.0
430.0,4.0
435.0,1.0
460.0,1.0
465.0,4.0
470.0,4.0
475.0,2.0
480.0,2.0
485.0,1.0
540.0,1.0
545.0,3.0
550.0,3.0
555.0,1.0
570.0,1.0
575.0,3.0
580.0,3.0
585.0,2.0
590.0,2.0
595.0,1.0
680.0,1.0
685.0,2.0
690.0,2.0
695.0,1.0
710.0,1.0
715.0,4.0
720.0,4.0
725.0,2.0
730.0,2.0
735.0,1.0
770.0,1.0
775.0,2.0
780.0,2.0
785.0,1.0
800.0,1.0
805.0,2.0
810.0,2.0
815.0,1.0
820.0,1.0
825.0,2.0
830.0,2.0
835.0,4.0
850.0,4.0
855.0,3.0
860.0,3.0
865.0,1.0
870.0,1.0
875.0,2.0
880.0,2.0
885.0,1.0
900.0,1.0
905.0,4.0
910.0,4.0
915.0,2.0
920.0,2.0
925.0,1.0
930.0,1.0
935.0,2.0
940.0,2.0
945.0,1.0
950.0,1.0
955.0,4.0
980.0,4.0
985.0,1.0
990.0,1.0
995.0,3.0
1010.0,3.0
1015.0,4.0
1020.0,4.0
1025.0,1.0
1030.0,1.0
1035.0,2.0
1040.0,2.0
1045.0,1.0
1060.0,1.0
1065.0,2.0
1070.0,2.0
1075.0,1.0
1090.0,1.0
1095.0,2.0
1100.0,2.0
1105.0,1.0
1110.0,1.0
1115.0,4.0
1120.0,4.0
1125.0,2.0
1130.0,2.0
1135.0,1.0
1200.0,1.0
1205.0,4.0
1210.0,4.0
1215.0,1.0
1230.0,1.0
1235.0,2.0
1240.0,2.0
1245.0,4.0
1250.0,4.0
1255.0,1.0
1280.0,1.0
1285.0,4.0
1290.0,4.0
1295.0,2.0
1300.0,2.0
1305.0,1.0
1320.0,1.0
1325.0,3.0
1330.0,3.0
1335.0,4.0
1340.0,4.0
1345.0,1.0
1350.0,1.0
1355.0,4.0
1370.0,4.0
1375.0,3.0
1380.0,3.0
1385.0,1.0
1410.0,1.0
1415.0,4.0
1420.0,4.0
1425.0,2.0
1430.0,2.0
1435.0,1.0
1440.0,1.0
1445.0,2.0
1460.0,2.0
1465.0,1.0
1470.0,1.0
1475.0,4.0
1480.0,4.0
1485.0,2.0
1490.0,2.0
1495.0,3.0
1510.0,3.0
1515.0,4.0
1520.0,4.0
1525.0,1.0
1540.0,1.0
1545.0,2.0
1550.0,2.0
1555.0,1.0
1570.0,1.0
1575.0,2.0
1580.0,2.0
1585.0,1.0
1590.0,1.0
1595.0,3.0
1600.0,3.0
1605.0,4.0
1610.0,4.0
1615.0,2.0
1630.0,2.0
1635.0,3.0
1640.0,3.0
1645.0,1.0
1650.0,1.0
1655.0,4.0
1660.0,4.0
1665.0,1.0
1690.0,1.0
1695.0,3.0
1710.0,3.0
1715.0,1.0
1790.0,1.0
1795.0,2.0
1800.0,2.0
1805.0,1.0
1810.0,1.0
1815.0,3.0
1820.0,3.0
1825.0,4.0
1830.0,4.0
1835.0,2.0
1840.0,2.0
1845.0,1.0
1860.0,1.0
1865.0,3.0
1870.0,3.0
1875.0,1.0
1890.0,1.0
1895.0,2.0
1910.0,2.0
1915.0,3.0
1920.0,3.0
1925.0,2.0
1930.0,2.0
1935.0,1.0
1940.0,1.0
1945.0,4.0
1960.0,4.0
1965.0,1.0
1990.0,1.0
1995.0,3.0
2000.0,3.0
2005.0,1.0
2010.0,1.0
2015.0,3.0
2020.0,3.0
2025.0,2.0
2030.0,2.0
2035.0,1.0
2070.0,1.0
2075.0,2.0
2080.0,2.0
2085.0,1.0
2090.0,1.0
2095.0,2.0
2110.0,2.0
2115.0,3.0
2120.0,3.0
2125.0,1.0
2130.0,1.0
2135.0,4.0
2140.0,4.0
2145.0,2.0
2150.0,2.0
2155.0,4.0
2160.0,4.0
2165.0,3.0
2170.0,3.0
2175.0,2.0
2180.0,2.0
2185.0,1.0
2190.0,1.0
2195.0,3.0
2200.0,3.0
2205.0,1.0
2210.0,1.0
2215.0,3.0
2230.0,3.0
2235.0,2.0
2240.0,2.0
2245.0,1.0
2280.0,1.0
2285.0,4.0
2290.0,4.0
2295.0,1.0
2310.0,1.0
2315.0,4.0
2320.0,4.0
2325.0,1.0
2340.0,1.0
2345.0,2.0
2360.0,2.0
2365.0,3.0
2370.0,3.0
2375.0,1.0
2460.0,1.0
2465.0,4.0
2470.0,4.0
2475.0,1.0
2480.0,1.0
2485.0,4.0
2490.0,4.0
2495.0,1.0
2530.0,1.0
2535.0,2.0
2540.0,2.0
2545.0,4.0
2560.0,4.0
2565.0,1.0
2580.0,1.0
2585.0,4.0
2590.0,4.0
2595.0,3.0
2610.0,3.0
2615.0,4.0
2620.0,4.0
2625.0,2.0
2630.0,2.0
2635.0,1.0
2640.0,1.0
2645.0,4.0
2650.0,4.0
2655.0,2.0
2660.0,2.0
2665.0,3.0
2670.0,3.0
2675.0,1.0
2690.0,1.0
2695.0,4.0
2700.0,4.0
2705.0,2.0
2710.0,2.0
2715.0,1.0
2720.0,1.0
2725.0,4.0
2730.0,4.0
2735.0,3.0
2740.0,3.0
2745.0,1.0
2750.0,1.0
2755.0,2.0
2760.0,2.0
2765.0,4.0
2770.0,4.0
2775.0,1.0
2790.0,1.0
2795.0,3.0
2800.0,3.0
2805.0,1.0
2810.0,1.0
2815.0,4.0
2820.0,4.0
2825.0,1.0
2870.0,1.0
2875.0,3.0
2880.0,3.0
2885.0,4.0
2890.0,4.0
2895.0,2.0
2900.0,2.0
2905.0,1.0
2910.0,1.0
2915.0,3.0
2920.0,3.0
2925.0,2.0
2930.0,2.0
2935.0,1.0
2950.0,1.0
2955.0,2.0
2960.0,2.0
2965.0,3.0
2980.0,3.0
2985.0,1.0
3010.0,1.0
3015.0,3.0
3020.0,3.0
3025.0,2.0
3030.0,2.0
3035.0,1.0
3050.0,1.0
3055.0,2.0
3070.0,2.0
3075.0,4.0
3080.0,4.0
3085.0,2.0
3090.0,2.0
3095.0,4.0
3100.0,4.0
3105.0,1.0
3110.0,1.0
3115.0,3.0
3120.0,3.0
3125.0,1.0
3140.0,1.0
3145.0,2.0
3150.0,2.0
3155.0,1.0
3160.0,1.0
3165.0,4.0
3170.0,4.0
3175.0,1.0
3190.0,1.0
3195.0,3.0
3200.0,3.0
3205.0,1.0
3210.0,1.0
3215.0,3.0
3220.0,3.0
3225.0,1.0
3240.0,1.0
3245.0,2.0
3260.0,2.0
3265.0,1.0
3280.0,1.0
3285.0,4.0
3290.0,4.0
3295.0,3.0
3300.0,3.0
3305.0,1.0
3340.0,1.0
3345.0,4.0
3350.0,4.0
3355.0,1.0
3380.0,1.0
3385.0,4.0
3390.0,4.0
3395.0,3.0
3400.0,3.0
3405.0,1.0
3440.0,1.0
3445.0,3.0
3450.0,3.0
3455.0,4.0
3460.0,4.0
3465.0,2.0
3470.0,2.0
3475.0,3.0
3480.0,3.0
3485.0,2.0
3490.0,2.0
3495.0,1.0
3500.0,1.0
3505.0,3.0
3510.0,3.0
3515.0,4.0
3520.0,4.0
3525.0,2.0
3530.0,2.0
3535.0,1.0
3550.0,1.0
3555.0,4.0
3560.0,4.0
3565.0,3.0
3570.0,3.0
3575.0,1.0
3590.0,1.0
3595.0,3.0
