0.0,1.0
0.0,1.0
0.0,1.0
5.0,4.0
10.0,4.0
15.0,1.0
50.0,1.0
55.0,4.0
60.0,4.0
65.0,1.0
80.0,1.0
85.0,4.0
90.0,4.0
95.0,1.0
100.0,1.0
105.0,2.0
120.0,2.0
125.0,1.0
160.0,1.0
165.0,4.0
170.0,4.0
175.0,1.0
180.0,1.0
185.0,2.0
190.0,2.0
195.0,1.0
230.0,1.0
235.0,4.0
240.0,4.0
245.0,1.0
280.0,1.0
285.0,2.0
290.0,2.0
295.0,1.0
300.0,1.0
305.0,2.0
310.0,2.0
315.0,1.0
320.0,1.0
325.0,2.0
330.0,2.0
335.0,1.0
360.0,1.0
365.0,3.0
370.0,3.0
375.0,1.0
410.0,1.0
415.0,2.0
420.0,2.0
425.0,1.0
440.0,1.0
445.0,2.0
450.0,2.0
455.0,1.0
460.0,1.0
465.0,2.0
470.0,2.0
475.0,1.0
480.0,1.0
485.0,2.0
490.0,2.0
495.0,1.0
510.0,1.0
515.0,2.0
520.0,2.0
525.0,1.0
540.0,1.0
545.0,3.0
550.0,3.0
555.0,1.0
580.0,1.0
585.0,2.0
590.0,2.0
595.0,1.0
610.0,1.0
615.0,2.0
620.0,2.0
625.0,1.0
650.0,1.0
655.0,2.0
660.0,2.0
665.0,1.0
670.0,1.0
675.0,2.0
680.0,2.0
685.0,1.0
750.0,1.0
755.0,2.0
760.0,2.0
765.0,1.0
790.0,1.0
795.0,2.0
800.0,2.0
805.0,1.0
820.0,1.0
825.0,2.0
830.0,2.0
835.0,1.0
850.0,1.0
855.0,3.0
860.0,3.0
865.0,2.0
870.0,2.0
875.0,1.0
890.0,1.0
895.0,2.0
900.0,2.0
905.0,1.0
910.0,1.0
915.0,2.0
920.0,2.0
925.0,1.0
930.0,1.0
935.0,2.0
940.0,2.0
945.0,1.0
950.0,1.0
955.0,4.0
960.0,4.0
965.0,1.0
970.0,1.0
975.0,4.0
980.0,4.0
985.0,1.0
1000.0,1.0
1005.0,2.0
1010.0,2.0
1015.0,1.0
1060.0,1.0
1065.0,2.0
1070.0,2.0
1075.0,1.0
1110.0,1.0
1115.0,2.0
1120.0,2.0
1125.0,1.0
1140.0,1.0
1145.0,2.0
1150.0,2.0
1155.0,1.0
1170.0,1.0
1175.0,2.0
1180.0,2.0
1185.0,1.0
1190.0,1.0
1195.0,2.0
1200.0,2.0
1205.0,1.0
1230.0,1.0
1235.0,2.0
1240.0,2.0
1245.0,1.0
1280.0,1.0
1285.0,4.0
1290.0,4.0
1295.0,1.0
1310.0,1.0
1315.0,2.0
1320.0,2.0
1325.0,1.0
1330.0,1.0
1335.0,4.0
1340.0,4.0
1345.0,1.0
1350.0,1.0
1355.0,2.0
1360.0,2.0
1365.0,4.0
1370.0,4.0
1375.0,1.0
1380.0,1.0
1385.0,2.0
1390.0,2.0
1395.0,1.0
1410.0,1.0
1415.0,4.0
1420.0,4.0
1425.0,2.0
1430.0,2.0
1435.0,1.0
1470.0,1.0
1475.0,4.0
1480.0,4.0
1485.0,1.0
1490.0,1.0
1495.0,3.0
1510.0,3.0
1515.0,1.0
1530.0,1.0
1535.0,2.0
1540.0,2.0
1545.0,1.0
1550.0,1.0
1555.0,2.0
1560.0,2.0
1565.0,1.0
1570.0,1.0
1575.0,2.0
1580.0,2.0
1585.0,1.0
1590.0,1.0
1595.0,3.0
1600.0,3.0
1605.0,1.0
1620.0,1.0
1625.0,2.0
1630.0,2.0
1635.0,3.0
1640.0,3.0
1645.0,1.0
1650.0,1.0
1655.0,4.0
1660.0,4.0
1665.0,1.0
1670.0,1.0
1675.0,2.0
1680.0,2.0
1685.0,1.0
1710.0,1.0
1715.0,2.0
1720.0,2.0
1725.0,1.0
1730.0,1.0
1735.0,2.0
1740.0,2.0
1745.0,1.0
1750.0,1.0
1755.0,2.0
1760.0,2.0
1765.0,1.0
1790.0,1.0
1795.0,2.0
1800.0,2.0
1805.0,1.0
1810.0,1.0
1815.0,3.0
1820.0,3.0
1825.0,4.0
1830.0,4.0
1835.0,1.0
1850.0,1.0
1855.0,2.0
1860.0,2.0
1865.0,1.0
1890.0,1.0
1895.0,2.0
1910.0,2.0
1915.0,3.0
1920.0,3.0
1925.0,1.0
1940.0,1.0
1945.0,2.0
1950.0,2.0
1955.0,1.0
1990.0,1.0
1995.0,3.0
2000.0,3.0
2005.0,1.0
2010.0,1.0
2015.0,3.0
2020.0,3.0
2025.0,1.0
2030.0,1.0
2035.0,2.0
2040.0,2.0
2045.0,1.0
2060.0,1.0
2065.0,2.0
2070.0,2.0
2075.0,1.0
2100.0,1.0
2105.0,2.0
2110.0,2.0
2115.0,1.0
2130.0,1.0
2135.0,2.0
2140.0,2.0
2145.0,1.0
2150.0,1.0
2155.0,2.0
2160.0,2.0
2165.0,1.0
2230.0,1.0
2235.0,2.0
2240.0,2.0
2245.0,1.0
2250.0,1.0
2255.0,2.0
2260.0,2.0
2265.0,1.0
2270.0,1.0
2275.0,2.0
2280.0,2.0
2285.0,4.0
2290.0,4.0
2295.0,1.0
2300.0,1.0
2305.0,2.0
2310.0,2.0
2315.0,1.0
2340.0,1.0
2345.0,2.0
2350.0,2.0
2355.0,1.0
2380.0,1.0
2385.0,2.0
2390.0,2.0
2395.0,1.0
2450.0,1.0
2455.0,2.0
2460.0,2.0
2465.0,1.0
2480.0,1.0
2485.0,4.0
2490.0,4.0
2495.0,1.0
2500.0,1.0
2505.0,2.0
2510.0,2.0
2515.0,1.0
2540.0,1.0
2545.0,2.0
2550.0,2.0
2555.0,1.0
2570.0,1.0
2575.0,2.0
2580.0,2.0
2585.0,1.0
2650.0,1.0
2655.0,2.0
2660.0,2.0
2665.0,1.0
2700.0,1.0
2705.0,2.0
2710.0,2.0
2715.0,1.0
2730.0,1.0
2735.0,3.0
2740.0,3.0
2745.0,1.0
2750.0,1.0
2755.0,2.0
2760.0,2.0
2765.0,4.0
2770.0,4.0
2775.0,1.0
2780.0,1.0
2785.0,2.0
2790.0,2.0
2795.0,1.0
2850.0,1.0
2855.0,2.0
2860.0,2.0
2865.0,1.0
2870.0,1.0
2875.0,2.0
2880.0,2.0
2885.0,1.0
2930.0,1.0
2935.0,2.0
2940.0,2.0
2945.0,1.0
2950.0,1.0
2955.0,2.0
2960.0,2.0
2965.0,3.0
2980.0,3.0
2985.0,1.0
2990.0,1.0
2995.0,2.0
3000.0,2.0
3005.0,1.0
3010.0,1.0
3015.0,3.0
3020.0,3.0
3025.0,1.0
3040.0,1.0
3045.0,2.0
3060.0,2.0
3065.0,1.0
3080.0,1.0
3085.0,2.0
3090.0,2.0
3095.0,1.0
3100.0,1.0
3105.0,2.0
3110.0,2.0
3115.0,3.0
3120.0,3.0
3125.0,1.0
3140.0,1.0
3145.0,2.0
3150.0,2.0
3155.0,1.0
3160.0,1.0
3165.0,4.0
3170.0,4.0
3175.0,1.0
3220.0,1.0
3225.0,2.0
3230.0,2.0
3235.0,1.0
3240.0,1.0
3245.0,2.0
3250.0,2.0
3255.0,1.0
3260.0,1.0
3265.0,2.0
3270.0,2.0
3275.0,1.0
3290.0,1.0
3295.0,3.0
3300.0,3.0
3305.0,1.0
3330.0,1.0
3335.0,2.0
3340.0,2.0
3345.0,1.0
3360.0,1.0
3365.0,2.0
3370.0,2.0
3375.0,1.0
3430.0,1.0
3435.0,2.0
3440.0,2.0
3445.0,1.0
3450.0,1.0
3455.0,4.0
3460.0,4.0
3465.0,1.0
3500.0,1.0
3505.0,2.0
3510.0,2.0
3515.0,1.0
3520.0,1.0
3525.0,2.0
3530.0,2.0
3535.0,1.0
3540.0,1.0
3545.0,2.0
3550.0,2.0
3555.0,4.0
3560.0,4.0
3565.0,3.0
3570.0,3.0
3575.0,1.0
3590.0,1.0
3595.0,2.0
