0.0,1.0
0.0,1.0
0.0,1.0
5.0,4.0
30.0,4.0
35.0,1.0
40.0,1.0
45.0,2.0
50.0,2.0
55.0,3.0
60.0,3.0
65.0,4.0
80.0,4.0
85.0,1.0
90.0,1.0
95.0,2.0
100.0,2.0
105.0,1.0
170.0,1.0
175.0,2.0
180.0,2.0
185.0,1.0
220.0,1.0
225.0,2.0
230.0,2.0
235.0,1.0
290.0,1.0
295.0,2.0
310.0,2.0
315.0,1.0
340.0,1.0
345.0,2.0
350.0,2.0
355.0,1.0
410.0,1.0
415.0,3.0
420.0,3.0
425.0,1.0
450.0,1.0
455.0,4.0
460.0,4.0
465.0,1.0
470.0,1.0
475.0,2.0
480.0,2.0
485.0,1.0
510.0,1.0
515.0,2.0
520.0,2.0
525.0,1.0
540.0,1.0
545.0,2.0
550.0,2.0
555.0,4.0
560.0,4.0
565.0,1.0
580.0,1.0
585.0,2.0
590.0,2.0
595.0,1.0
600.0,1.0
605.0,4.0
610.0,4.0
615.0,1.0
630.0,1.0
635.0,2.0
640.0,2.0
645.0,1.0
660.0,1.0
665.0,2.0
670.0,2.0
675.0,1.0
690.0,1.0
695.0,2.0
700.0,2.0
705.0,4.0
710.0,4.0
715.0,1.0
730.0,1.0
735.0,2.0
740.0,2.0
745.0,1.0
750.0,1.0
755.0,2.0
760.0,2.0
765.0,1.0
770.0,1.0
775.0,2.0
780.0,2.0
785.0,1.0
800.0,1.0
805.0,2.0
820.0,2.0
825.0,1.0
840.0,1.0
845.0,4.0
850.0,4.0
855.0,1.0
860.0,1.0
865.0,4.0
870.0,4.0
875.0,1.0
880.0,1.0
885.0,2.0
890.0,2.0
895.0,1.0
910.0,1.0
915.0,2.0
920.0,2.0
925.0,4.0
930.0,4.0
935.0,1.0
940.0,1.0
945.0,2.0
950.0,2.0
955.0,1.0
960.0,1.0
965.0,4.0
970.0,4.0
975.0,1.0
990.0,1.0
995.0,2.0
1000.0,2.0
1005.0,1.0
1040.0,1.0
1045.0,2.0
1050.0,2.0
1055.0,1.0
1070.0,1.0
1075.0,2.0
1080.0,2.0
1085.0,1.0
1100.0,1.0
1105.0,2.0
1110.0,2.0
1115.0,1.0
1120.0,1.0
1125.0,2.0
1130.0,2.0
1135.0,1.0
1160.0,1.0
1165.0,2.0
1170.0,2.0
1175.0,1.0
1180.0,1.0
1185.0,2.0
1190.0,2.0
1195.0,1.0
1230.0,1.0
1235.0,2.0
1240.0,2.0
1245.0,1.0
1300.0,1.0
1305.0,2.0
1310.0,2.0
1315.0,1.0
1340.0,1.0
1345.0,2.0
1350.0,2.0
1355.0,1.0
1360.0,1.0
1365.0,4.0
1370.0,4.0
1375.0,1.0
1380.0,1.0
1385.0,3.0
1390.0,3.0
1395.0,2.0
1400.0,2.0
1405.0,1.0
1430.0,1.0
1435.0,2.0
1440.0,2.0
1445.0,1.0
1470.0,1.0
1475.0,2.0
1480.0,2.0
1485.0,1.0
1510.0,1.0
1515.0,2.0
1520.0,2.0
1525.0,1.0
1530.0,1.0
1535.0,3.0
1540.0,3.0
1545.0,1.0
1560.0,1.0
1565.0,2.0
1570.0,2.0
1575.0,1.0
1590.0,1.0
1595.0,2.0
1600.0,2.0
1605.0,1.0
1620.0,1.0
1625.0,2.0
1630.0,2.0
1635.0,1.0
1660.0,1.0
1665.0,2.0
1670.0,2.0
1675.0,1.0
1690.0,1.0
1695.0,2.0
1700.0,2.0
1705.0,1.0
1710.0,1.0
1715.0,2.0
1720.0,2.0
1725.0,4.0
1730.0,4.0
1735.0,1.0
1780.0,1.0
1785.0,2.0
1790.0,2.0
1795.0,1.0
1800.0,1.0
1805.0,2.0
1810.0,2.0
1815.0,1.0
1860.0,1.0
1865.0,2.0
1870.0,2.0
1875.0,1.0
1890.0,1.0
1895.0,3.0
1900.0,3.0
1905.0,1.0
1910.0,1.0
1915.0,2.0
1920.0,2.0
1925.0,1.0
1960.0,1.0
1965.0,2.0
1970.0,2.0
1975.0,4.0
1980.0,4.0
1985.0,1.0
1990.0,1.0
1995.0,3.0
2000.0,3.0
2005.0,2.0
2010.0,2.0
2015.0,1.0
2020.0,1.0
2025.0,2.0
2030.0,2.0
2035.0,1.0
2050.0,1.0
2055.0,2.0
2060.0,2.0
2065.0,1.0
2110.0,1.0
2115.0,2.0
2120.0,2.0
2125.0,1.0
2160.0,1.0
2165.0,3.0
2170.0,3.0
2175.0,1.0
2190.0,1.0
2195.0,2.0
2200.0,2.0
2205.0,1.0
2220.0,1.0
2225.0,2.0
2230.0,2.0
2235.0,1.0
2240.0,1.0
2245.0,2.0
2250.0,2.0
2255.0,1.0
2260.0,1.0
2265.0,4.0
2270.0,4.0
2275.0,1.0
2280.0,1.0
2285.0,2.0
2290.0,2.0
2295.0,1.0
2320.0,1.0
2325.0,2.0
2330.0,2.0
2335.0,1.0
2350.0,1.0
2355.0,3.0
2360.0,3.0
2365.0,1.0
2400.0,1.0
2405.0,2.0
2410.0,2.0
2415.0,1.0
2420.0,1.0
2425.0,2.0
2430.0,2.0
2435.0,1.0
2440.0,1.0
2445.0,2.0
2450.0,2.0
2455.0,1.0
2460.0,1.0
2465.0,2.0
2470.0,2.0
2475.0,1.0
2530.0,1.0
2535.0,2.0
2550.0,2.0
2555.0,3.0
2560.0,3.0
2565.0,1.0
2580.0,1.0
2585.0,2.0
2590.0,2.0
2595.0,1.0
2640.0,1.0
2645.0,2.0
2650.0,2.0
2655.0,1.0
2670.0,1.0
2675.0,4.0
2680.0,4.0
2685.0,1.0
2690.0,1.0
2695.0,2.0
2700.0,2.0
2705.0,1.0
2710.0,1.0
2715.0,2.0
2720.0,2.0
2725.0,1.0
2750.0,1.0
2755.0,2.0
2760.0,2.0
2765.0,1.0
2770.0,1.0
2775.0,2.0
2780.0,2.0
2785.0,3.0
2790.0,3.0
2795.0,1.0
2810.0,1.0
2815.0,2.0
2820.0,2.0
2825.0,1.0
2840.0,1.0
2845.0,2.0
2850.0,2.0
2855.0,1.0
2910.0,1.0
2915.0,2.0
2920.0,2.0
2925.0,1.0
2950.0,1.0
2955.0,2.0
2960.0,2.0
2965.0,1.0
2990.0,1.0
2995.0,2.0
3000.0,2.0
3005.0,1.0
3010.0,1.0
3015.0,2.0
3020.0,2.0
3025.0,1.0
3040.0,1.0
3045.0,3.0
3050.0,3.0
3055.0,1.0
3060.0,1.0
3065.0,2.0
3070.0,2.0
3075.0,1.0
3080.0,1.0
3085.0,2.0
3090.0,2.0
3095.0,1.0
3120.0,1.0
3125.0,2.0
3130.0,2.0
3135.0,1.0
3160.0,1.0
3165.0,2.0
3170.0,2.0
3175.0,1.0
3200.0,1.0
3205.0,2.0
3210.0,2.0
3215.0,1.0
3270.0,1.0
3275.0,2.0
3280.0,2.0
3285.0,1.0
3290.0,1.0
3295.0,2.0
3300.0,2.0
3305.0,1.0
3350.0,1.0
3355.0,2.0
3360.0,2.0
3365.0,1.0
3380.0,1.0
3385.0,4.0
3390.0,4.0
3395.0,1.0
3400.0,1.0
3405.0,2.0
3410.0,2.0
3415.0,1.0
3460.0,1.0
3465.0,2.0
3470.0,2.0
3475.0,1.0
3480.0,1.0
3485.0,2.0
3490.0,2.0
3495.0,1.0
3510.0,1.0
3515.0,2.0
3520.0,2.0
3525.0,1.0
3550.0,1.0
3555.0,4.0
3560.0,4.0
3565.0,1.0
3570.0,1.0
3575.0,2.0
3580.0,2.0
3585.0,1.0
