0.0,1.0
0.0,1.0
20.0,1.0
25.0,2.0
40.0,2.0
45.0,4.0
50.0,4.0
55.0,1.0
60.0,1.0
65.0,4.0
70.0,4.0
75.0,1.0
110.0,1.0
115.0,4.0
120.0,4.0
125.0,1.0
130.0,1.0
135.0,2.0
140.0,2.0
145.0,1.0
200.0,1.0
205.0,3.0
220.0,3.0
225.0,1.0
240.0,1.0
245.0,3.0
250.0,3.0
255.0,2.0
260.0,2.0
265.0,4.0
270.0,4.0
275.0,1.0
290.0,1.0
295.0,4.0
300.0,4.0
305.0,1.0
310.0,1.0
315.0,4.0
330.0,4.0
335.0,3.0
340.0,3.0
345.0,2.0
350.0,2.0
355.0,1.0
380.0,1.0
385.0,4.0
390.0,4.0
395.0,1.0
440.0,1.0
445.0,4.0
450.0,4.0
455.0,1.0
470.0,1.0
475.0,4.0
480.0,4.0
485.0,2.0
490.0,2.0
495.0,4.0
500.0,4.0
505.0,3.0
510.0,3.0
515.0,1.0
530.0,1.0
535.0,3.0
540.0,3.0
545.0,1.0
550.0,1.0
555.0,4.0
560.0,4.0
565.0,2.0
570.0,2.0
575.0,1.0
580.0,1.0
585.0,2.0
590.0,2.0
595.0,1.0
620.0,1.0
625.0,4.0
630.0,4.0
635.0,1.0
660.0,1.0
665.0,2.0
670.0,2.0
675.0,3.0
680.0,3.0
685.0,1.0
700.0,1.0
705.0,3.0
710.0,3.0
715.0,1.0
720.0,1.0
725.0,3.0
730.0,3.0
735.0,1.0
780.0,1.0
785.0,2.0
790.0,2.0
795.0,1.0
800.0,1.0
805.0,4.0
810.0,4.0
815.0,1.0
850.0,1.0
855.0,2.0
860.0,2.0
865.0,1.0
870.0,1.0
875.0,4.0
880.0,4.0
885.0,1.0
900.0,1.0
905.0,3.0
920.0,3.0
925.0,1.0
930.0,1.0
935.0,4.0
940.0,4.0
945.0,2.0
950.0,2.0
955.0,1.0
1020.0,1.0
1025.0,2.0
1030.0,2.0
1035.0,1.0
1040.0,1.0
1045.0,4.0
1050.0,4.0
1055.0,2.0
1060.0,2.0
1065.0,4.0
1070.0,4.0
1075.0,1.0
1080.0,1.0
1085.0,3.0
1090.0,3.0
1095.0,1.0
1100.0,1.0
1105.0,3.0
1110.0,3.0
1115.0,1.0
1120.0,1.0
1125.0,4.0
1130.0,4.0
1135.0,1.0
1140.0,1.0
1145.0,3.0
1170.0,3.0
1175.0,4.0
1180.0,4.0
1185.0,1.0
1190.0,1.0
1195.0,3.0
1210.0,3.0
1215.0,2.0
1220.0,2.0
1225.0,1.0
1230.0,1.0
1235.0,3.0
1240.0,3.0
1245.0,2.0
1250.0,2.0
1255.0,1.0
1260.0,1.0
1265.0,3.0
1270.0,3.0
1275.0,4.0
1290.0,4.0
1295.0,3.0
1300.0,3.0
1305.0,1.0
1310.0,1.0
1315.0,2.0
1320.0,2.0
1325.0,3.0
1330.0,3.0
1335.0,1.0
1360.0,1.0
1365.0,4.0
1370.0,4.0
1375.0,1.0
1390.0,1.0
1395.0,2.0
1400.0,2.0
1405.0,3.0
1410.0,3.0
1415.0,4.0
1420.0,4.0
1425.0,1.0
1440.0,1.0
1445.0,4.0
1450.0,4.0
1455.0,1.0
1470.0,1.0
1475.0,2.0
1480.0,2.0
1485.0,4.0
1490.0,4.0
1495.0,2.0
1510.0,2.0
1515.0,1.0
1530.0,1.0
1535.0,2.0
1540.0,2.0
1545.0,1.0
1580.0,1.0
1585.0,4.0
1590.0,4.0
1595.0,1.0
1610.0,1.0
1615.0,3.0
1620.0,3.0
1625.0,2.0
1630.0,2.0
1635.0,1.0
1670.0,1.0
1675.0,3.0
1680.0,3.0
1685.0,4.0
1690.0,4.0
1695.0,3.0
1710.0,3.0
1715.0,2.0
1720.0,2.0
1725.0,1.0
1740.0,1.0
1745.0,3.0
1750.0,3.0
1755.0,2.0
1760.0,2.0
1765.0,1.0
1770.0,1.0
1775.0,2.0
1780.0,2.0
1785.0,4.0
1800.0,4.0
1805.0,1.0
1830.0,1.0
1835.0,4.0
1840.0,4.0
1845.0,1.0
1850.0,1.0
1855.0,2.0
1860.0,2.0
1865.0,1.0
1900.0,1.0
1905.0,3.0
1910.0,3.0
1915.0,1.0
1920.0,1.0
1925.0,3.0
1930.0,3.0
1935.0,2.0
1940.0,2.0
1945.0,3.0
1960.0,3.0
1965.0,1.0
1990.0,1.0
1995.0,4.0
2000.0,4.0
2005.0,2.0
2010.0,2.0
2015.0,1.0
2020.0,1.0
2025.0,3.0
2030.0,3.0
2035.0,1.0
2040.0,1.0
2045.0,4.0
2050.0,4.0
2055.0,1.0
2060.0,1.0
2065.0,4.0
2080.0,4.0
2085.0,1.0
2090.0,1.0
2095.0,4.0
2110.0,4.0
2115.0,1.0
2130.0,1.0
2135.0,4.0
2140.0,4.0
2145.0,2.0
2150.0,2.0
2155.0,4.0
2170.0,4.0
2175.0,1.0
2180.0,1.0
2185.0,2.0
2190.0,2.0
2195.0,1.0
2200.0,1.0
2205.0,2.0
2210.0,2.0
2215.0,4.0
2220.0,4.0
2225.0,1.0
2230.0,1.0
2235.0,3.0
2240.0,3.0
2245.0,1.0
2250.0,1.0
2255.0,3.0
2260.0,3.0
2265.0,1.0
2270.0,1.0
2275.0,2.0
2280.0,2.0
2285.0,1.0
2290.0,1.0
2295.0,2.0
2300.0,2.0
2305.0,1.0
2310.0,1.0
2315.0,2.0
2320.0,2.0
2325.0,4.0
2330.0,4.0
2335.0,1.0
2340.0,1.0
2345.0,4.0
2350.0,4.0
2355.0,2.0
2360.0,2.0
2365.0,1.0
2370.0,1.0
2375.0,3.0
2380.0,3.0
2385.0,1.0
2400.0,1.0
2405.0,4.0
2410.0,4.0
2415.0,2.0
2430.0,2.0
2435.0,1.0
2440.0,1.0
2445.0,3.0
2450.0,3.0
2455.0,1.0
2460.0,1.0
2465.0,3.0
2470.0,3.0
2475.0,1.0
2490.0,1.0
2495.0,2.0
2500.0,2.0
2505.0,1.0
2510.0,1.0
2515.0,3.0
2520.0,3.0
2525.0,1.0
2530.0,1.0
2535.0,3.0
2540.0,3.0
2545.0,1.0
2550.0,1.0
2555.0,4.0
2560.0,4.0
2565.0,1.0
2580.0,1.0
2585.0,4.0
2610.0,4.0
2615.0,1.0
2620.0,1.0
2625.0,4.0
2630.0,4.0
2635.0,1.0
2650.0,1.0
2655.0,3.0
2660.0,3.0
2665.0,1.0
2670.0,1.0
2675.0,2.0
2680.0,2.0
2685.0,1.0
2720.0,1.0
2725.0,3.0
2730.0,3.0
2735.0,4.0
2740.0,4.0
2745.0,1.0
2780.0,1.0
2785.0,3.0
2790.0,3.0
2795.0,1.0
2800.0,1.0
2805.0,4.0
2810.0,4.0
2815.0,2.0
2820.0,2.0
2825.0,1.0
2830.0,1.0
2835.0,4.0
2840.0,4.0
2845.0,1.0
2850.0,1.0
2855.0,4.0
2860.0,4.0
2865.0,2.0
2870.0,2.0
2875.0,3.0
2880.0,3.0
2885.0,2.0
2890.0,2.0
2895.0,4.0
2910.0,4.0
2915.0,1.0
2930.0,1.0
2935.0,2.0
2940.0,2.0
2945.0,1.0
2960.0,1.0
2965.0,2.0
2970.0,2.0
2975.0,1.0
2990.0,1.0
2995.0,4.0
3000.0,4.0
3005.0,1.0
3050.0,1.0
3055.0,4.0
3060.0,4.0
3065.0,2.0
3070.0,2.0
3075.0,1.0
3130.0,1.0
3135.0,2.0
3140.0,2.0
3145.0,1.0
3150.0,1.0
3155.0,2.0
3160.0,2.0
3165.0,1.0
3170.0,1.0
3175.0,2.0
3180.0,2.0
3185.0,4.0
3190.0,4.0
3195.0,1.0
3260.0,1.0
3265.0,2.0
3270.0,2.0
3275.0,1.0
3290.0,1.0
3295.0,3.0
3300.0,3.0
3305.0,1.0
3320.0,1.0
3325.0,4.0
3330.0,4.0
3335.0,1.0
3340.0,1.0
3345.0,4.0
3350.0,4.0
3355.0,3.0
3370.0,3.0
3375.0,1.0
3390.0,1.0
3395.0,3.0
3410.0,3.0
3415.0,1.0
3430.0,1.0
3435.0,4.0
3440.0,4.0
3445.0,3.0
3450.0,3.0
3455.0,2.0
3460.0,2.0
3465.0,4.0
3470.0,4.0
3475.0,2.0
3480.0,2.0
3485.0,1.0
3510.0,1.0
3515.0,4.0
3520.0,4.0
3525.0,1.0
3530.0,1.0
3535.0,2.0
3540.0,2.0
3545.0,1.0
3560.0,1.0
3565.0,2.0
3580.0,2.0
3585.0,3.0
3590.0,3.0
3595.0,1.0
