0.0,1.0
0.0,1.0
10.0,1.0
15.0,4.0
20.0,4.0
25.0,2.0
30.0,2.0
35.0,1.0
40.0,1.0
45.0,3.0
50.0,3.0
55.0,2.0
60.0,2.0
65.0,1.0
120.0,1.0
125.0,3.0
130.0,3.0
135.0,1.0
160.0,1.0
165.0,2.0
170.0,2.0
175.0,1.0
200.0,1.0
205.0,2.0
210.0,2.0
215.0,1.0
230.0,1.0
235.0,2.0
250.0,2.0
255.0,1.0
290.0,1.0
295.0,3.0
300.0,3.0
305.0,2.0
310.0,2.0
315.0,1.0
350.0,1.0
355.0,4.0
370.0,4.0
375.0,1.0
390.0,1.0
395.0,2.0
400.0,2.0
405.0,4.0
410.0,4.0
415.0,2.0
420.0,2.0
425.0,1.0
430.0,1.0
435.0,3.0
440.0,3.0
445.0,1.0
450.0,1.0
455.0,3.0
460.0,3.0
465.0,1.0
490.0,1.0
495.0,2.0
510.0,2.0
515.0,1.0
520.0,1.0
525.0,2.0
530.0,2.0
535.0,1.0
540.0,1.0
545.0,2.0
550.0,2.0
555.0,1.0
570.0,1.0
575.0,4.0
580.0,4.0
585.0,1.0
640.0,1.0
645.0,4.0
660.0,4.0
665.0,2.0
670.0,2.0
675.0,3.0
680.0,3.0
685.0,4.0
690.0,4.0
695.0,1.0
700.0,1.0
705.0,4.0
710.0,4.0
715.0,3.0
720.0,3.0
725.0,1.0
740.0,1.0
745.0,4.0
750.0,4.0
755.0,1.0
760.0,1.0
765.0,4.0
770.0,4.0
775.0,1.0
790.0,1.0
795.0,3.0
810.0,3.0
815.0,1.0
820.0,1.0
825.0,4.0
830.0,4.0
835.0,2.0
840.0,2.0
845.0,1.0
860.0,1.0
865.0,4.0
870.0,4.0
875.0,2.0
880.0,2.0
885.0,3.0
890.0,3.0
895.0,1.0
910.0,1.0
915.0,3.0
920.0,3.0
925.0,1.0
930.0,1.0
935.0,2.0
940.0,2.0
945.0,1.0
960.0,1.0
965.0,3.0
970.0,3.0
975.0,1.0
990.0,1.0
995.0,2.0
1000.0,2.0
1005.0,4.0
1010.0,4.0
1015.0,3.0
1030.0,3.0
1035.0,1.0
1040.0,1.0
1045.0,3.0
1050.0,3.0
1055.0,2.0
1060.0,2.0
1065.0,3.0
1080.0,3.0
1085.0,1.0
1090.0,1.0
1095.0,2.0
1110.0,2.0
1115.0,1.0
1130.0,1.0
1135.0,2.0
1140.0,2.0
1145.0,1.0
1160.0,1.0
1165.0,2.0
1170.0,2.0
1175.0,1.0
1190.0,1.0
1195.0,2.0
1200.0,2.0
1205.0,1.0
1220.0,1.0
1225.0,2.0
1230.0,2.0
1235.0,3.0
1240.0,3.0
1245.0,1.0
1280.0,1.0
1285.0,4.0
1290.0,4.0
1295.0,3.0
1300.0,3.0
1305.0,4.0
1310.0,4.0
1315.0,1.0
1330.0,1.0
1335.0,3.0
1340.0,3.0
1345.0,1.0
1370.0,1.0
1375.0,3.0
1380.0,3.0
1385.0,2.0
1390.0,2.0
1395.0,1.0
1400.0,1.0
1405.0,2.0
1410.0,2.0
1415.0,1.0
1430.0,1.0
1435.0,2.0
1440.0,2.0
1445.0,1.0
1470.0,1.0
1475.0,4.0
1480.0,4.0
1485.0,1.0
1500.0,1.0
1505.0,4.0
1510.0,4.0
1515.0,1.0
1540.0,1.0
1545.0,2.0
1550.0,2.0
1555.0,3.0
1560.0,3.0
1565.0,4.0
1570.0,4.0
1575.0,1.0
1620.0,1.0
1625.0,2.0
1630.0,2.0
1635.0,4.0
1640.0,4.0
1645.0,1.0
1680.0,1.0
1685.0,2.0
1690.0,2.0
1695.0,3.0
1700.0,3.0
1705.0,4.0
1710.0,4.0
1715.0,1.0
1730.0,1.0
1735.0,2.0
1740.0,2.0
1745.0,1.0
1750.0,1.0
1755.0,4.0
1760.0,4.0
1765.0,1.0
1810.0,1.0
1815.0,4.0
1830.0,4.0
1835.0,2.0
1840.0,2.0
1845.0,1.0
1860.0,1.0
1865.0,2.0
1870.0,2.0
1875.0,1.0
1890.0,1.0
1895.0,3.0
1900.0,3.0
1905.0,1.0
1920.0,1.0
1925.0,3.0
1930.0,3.0
1935.0,2.0
1940.0,2.0
1945.0,1.0
1960.0,1.0
1965.0,3.0
1970.0,3.0
1975.0,4.0
1980.0,4.0
1985.0,1.0
2020.0,1.0
2025.0,2.0
2030.0,2.0
2035.0,1.0
2040.0,1.0
2045.0,4.0
2050.0,4.0
2055.0,2.0
2070.0,2.0
2075.0,1.0
2110.0,1.0
2115.0,3.0
2120.0,3.0
2125.0,1.0
2140.0,1.0
2145.0,3.0
2150.0,3.0
2155.0,1.0
2190.0,1.0
2195.0,4.0
2200.0,4.0
2205.0,2.0
2220.0,2.0
2225.0,4.0
2230.0,4.0
2235.0,1.0
2250.0,1.0
2255.0,2.0
2260.0,2.0
2265.0,3.0
2270.0,3.0
2275.0,1.0
2310.0,1.0
2315.0,4.0
2320.0,4.0
2325.0,1.0
2340.0,1.0
2345.0,2.0
2350.0,2.0
2355.0,3.0
2370.0,3.0
2375.0,2.0
2390.0,2.0
2395.0,1.0
2400.0,1.0
2405.0,4.0
2430.0,4.0
2435.0,1.0
2460.0,1.0
2465.0,4.0
2470.0,4.0
2475.0,1.0
2490.0,1.0
2495.0,3.0
2500.0,3.0
2505.0,1.0
2510.0,1.0
2515.0,3.0
2520.0,3.0
2525.0,2.0
2530.0,2.0
2535.0,1.0
2550.0,1.0
2555.0,3.0
2560.0,3.0
2565.0,1.0
2580.0,1.0
2585.0,2.0
2600.0,2.0
2605.0,3.0
2610.0,3.0
2615.0,1.0
2630.0,1.0
2635.0,3.0
2640.0,3.0
2645.0,2.0
2650.0,2.0
2655.0,3.0
2660.0,3.0
2665.0,1.0
2720.0,1.0
2725.0,2.0
2730.0,2.0
2735.0,1.0
2790.0,1.0
2795.0,2.0
2810.0,2.0
2815.0,1.0
2840.0,1.0
2845.0,2.0
2860.0,2.0
2865.0,1.0
2890.0,1.0
2895.0,2.0
2900.0,2.0
2905.0,1.0
2920.0,1.0
2925.0,2.0
2930.0,2.0
2935.0,1.0
2960.0,1.0
2965.0,4.0
2970.0,4.0
2975.0,2.0
2980.0,2.0
2985.0,3.0
2990.0,3.0
2995.0,1.0
3010.0,1.0
3015.0,2.0
3020.0,2.0
3025.0,1.0
3040.0,1.0
3045.0,3.0
3050.0,3.0
3055.0,2.0
3070.0,2.0
3075.0,1.0
3080.0,1.0
3085.0,2.0
3090.0,2.0
3095.0,1.0
3130.0,1.0
3135.0,2.0
3140.0,2.0
3145.0,1.0
3170.0,1.0
3175.0,2.0
3190.0,2.0
3195.0,1.0
3210.0,1.0
3215.0,4.0
3220.0,4.0
3225.0,1.0
3230.0,1.0
3235.0,2.0
3240.0,2.0
3245.0,1.0
3250.0,1.0
3255.0,3.0
3260.0,3.0
3265.0,2.0
3270.0,2.0
3275.0,1.0
3300.0,1.0
3305.0,4.0
3310.0,4.0
3315.0,1.0
3320.0,1.0
3325.0,3.0
3330.0,3.0
3335.0,1.0
3350.0,1.0
3355.0,3.0
3360.0,3.0
3365.0,4.0
3370.0,4.0
3375.0,3.0
3380.0,3.0
3385.0,1.0
3410.0,1.0
3415.0,4.0
3420.0,4.0
3425.0,2.0
3430.0,2.0
3435.0,3.0
3440.0,3.0
3445.0,1.0
3450.0,1.0
3455.0,2.0
3460.0,2.0
3465.0,1.0
3470.0,1.0
3475.0,2.0
3480.0,2.0
3485.0,1.0
3490.0,1.0
3495.0,2.0
3510.0,2.0
3515.0,1.0
3540.0,1.0
3545.0,4.0
3550.0,4.0
3555.0,1.0
3590.0,1.0
3595.0,2.0
