0.0,1.0
0.0,1.0
100.0,1.0
105.0,2.0
110.0,2.0
115.0,1.0
150.0,1.0
155.0,3.0
160.0,3.0
165.0,1.0
200.0,1.0
205.0,2.0
210.0,2.0
215.0,3.0
220.0,3.0
225.0,1.0
250.0,1.0
255.0,2.0
260.0,2.0
265.0,1.0
290.0,1.0
295.0,2.0
300.0,2.0
305.0,1.0
310.0,1.0
315.0,2.0
320.0,2.0
325.0,1.0
330.0,1.0
335.0,2.0
340.0,2.0
345.0,1.0
390.0,1.0
395.0,2.0
400.0,2.0
405.0,4.0
410.0,4.0
415.0,1.0
420.0,1.0
425.0,2.0
430.0,2.0
435.0,1.0
480.0,1.0
485.0,3.0
490.0,3.0
495.0,2.0
500.0,2.0
505.0,1.0
510.0,1.0
515.0,2.0
520.0,2.0
525.0,1.0
550.0,1.0
555.0,2.0
560.0,2.0
565.0,1.0
590.0,1.0
595.0,4.0
600.0,4.0
605.0,1.0
610.0,1.0
615.0,2.0
620.0,2.0
625.0,1.0
650.0,1.0
655.0,2.0
660.0,2.0
665.0,1.0
690.0,1.0
695.0,2.0
700.0,2.0
705.0,1.0
720.0,1.0
725.0,2.0
730.0,2.0
735.0,1.0
770.0,1.0
775.0,2.0
780.0,2.0
785.0,1.0
790.0,1.0
795.0,2.0
800.0,2.0
805.0,3.0
810.0,3.0
815.0,1.0
840.0,1.0
845.0,2.0
850.0,2.0
855.0,1.0
880.0,1.0
885.0,3.0
890.0,3.0
895.0,1.0
900.0,1.0
905.0,2.0
910.0,2.0
915.0,1.0
920.0,1.0
925.0,2.0
930.0,2.0
935.0,3.0
940.0,3.0
945.0,1.0
970.0,1.0
975.0,2.0
980.0,2.0
985.0,4.0
990.0,4.0
995.0,1.0
1010.0,1.0
1015.0,2.0
1020.0,2.0
1025.0,1.0
1040.0,1.0
1045.0,2.0
1050.0,2.0
1055.0,1.0
1080.0,1.0
1085.0,2.0
1090.0,2.0
1095.0,1.0
1100.0,1.0
1105.0,2.0
1120.0,2.0
1125.0,1.0
1140.0,1.0
1145.0,2.0
1150.0,2.0
1155.0,1.0
1160.0,1.0
1165.0,2.0
1170.0,2.0
1175.0,1.0
1180.0,1.0
1185.0,4.0
1200.0,4.0
1205.0,1.0
1220.0,1.0
1225.0,2.0
1230.0,2.0
1235.0,1.0
1250.0,1.0
1255.0,3.0
1260.0,3.0
1265.0,1.0
1280.0,1.0
1285.0,4.0
1290.0,4.0
1295.0,2.0
1300.0,2.0
1305.0,1.0
1310.0,1.0
1315.0,2.0
1320.0,2.0
1325.0,3.0
1330.0,3.0
1335.0,1.0
1350.0,1.0
1355.0,2.0
1360.0,2.0
1365.0,1.0
1380.0,1.0
1385.0,2.0
1390.0,2.0
1395.0,1.0
1400.0,1.0
1405.0,2.0
1410.0,2.0
1415.0,1.0
1450.0,1.0
1455.0,2.0
1460.0,2.0
1465.0,1.0
1470.0,1.0
1475.0,2.0
1480.0,2.0
1485.0,1.0
1500.0,1.0
1505.0,2.0
1510.0,2.0
1515.0,1.0
1530.0,1.0
1535.0,2.0
1540.0,2.0
1545.0,1.0
1570.0,1.0
1575.0,2.0
1580.0,2.0
1585.0,1.0
1610.0,1.0
1615.0,2.0
1620.0,2.0
1625.0,1.0
1650.0,1.0
1655.0,2.0
1660.0,2.0
1665.0,1.0
1680.0,1.0
1685.0,4.0
1700.0,4.0
1705.0,1.0
1770.0,1.0
1775.0,2.0
1780.0,2.0
1785.0,1.0
1790.0,1.0
1795.0,4.0
1800.0,4.0
1805.0,2.0
1810.0,2.0
1815.0,1.0
1820.0,1.0
1825.0,3.0
1830.0,3.0
1835.0,1.0
1840.0,1.0
1845.0,2.0
1850.0,2.0
1855.0,1.0
1860.0,1.0
1865.0,3.0
1870.0,3.0
1875.0,1.0
1930.0,1.0
1935.0,2.0
1940.0,2.0
1945.0,1.0
1950.0,1.0
1955.0,2.0
1960.0,2.0
1965.0,1.0
1970.0,1.0
1975.0,3.0
1980.0,3.0
1985.0,1.0
2040.0,1.0
2045.0,2.0
2050.0,2.0
2055.0,1.0
2060.0,1.0
2065.0,2.0
2070.0,2.0
2075.0,1.0
2080.0,1.0
2085.0,2.0
2090.0,2.0
2095.0,1.0
2120.0,1.0
2125.0,2.0
2130.0,2.0
2135.0,1.0
2140.0,1.0
2145.0,4.0
2150.0,4.0
2155.0,1.0
2160.0,1.0
2165.0,2.0
2170.0,2.0
2175.0,1.0
2180.0,1.0
2185.0,2.0
2190.0,2.0
2195.0,1.0
2230.0,1.0
2235.0,2.0
2240.0,2.0
2245.0,1.0
2260.0,1.0
2265.0,3.0
2270.0,3.0
2275.0,1.0
2310.0,1.0
2315.0,2.0
2330.0,2.0
2335.0,1.0
2350.0,1.0
2355.0,2.0
2360.0,2.0
2365.0,1.0
2370.0,1.0
2375.0,2.0
2390.0,2.0
2395.0,1.0
2410.0,1.0
2415.0,2.0
2420.0,2.0
2425.0,1.0
2450.0,1.0
2455.0,3.0
2460.0,3.0
2465.0,1.0
2480.0,1.0
2485.0,2.0
2490.0,2.0
2495.0,1.0
2520.0,1.0
2525.0,4.0
2530.0,4.0
2535.0,1.0
2540.0,1.0
2545.0,2.0
2550.0,2.0
2555.0,1.0
2590.0,1.0
2595.0,2.0
2600.0,2.0
2605.0,1.0
2610.0,1.0
2615.0,2.0
2620.0,2.0
2625.0,1.0
2630.0,1.0
2635.0,2.0
2640.0,2.0
2645.0,1.0
2670.0,1.0
2675.0,2.0
2680.0,2.0
2685.0,1.0
2700.0,1.0
2705.0,2.0
2710.0,2.0
2715.0,1.0
2730.0,1.0
2735.0,4.0
2740.0,4.0
2745.0,1.0
2760.0,1.0
2765.0,2.0
2770.0,2.0
2775.0,1.0
2820.0,1.0
2825.0,2.0
2830.0,2.0
2835.0,1.0
2840.0,1.0
2845.0,2.0
2850.0,2.0
2855.0,1.0
2910.0,1.0
2915.0,2.0
2920.0,2.0
2925.0,1.0
2930.0,1.0
2935.0,2.0
2940.0,2.0
2945.0,1.0
2960.0,1.0
2965.0,2.0
2970.0,2.0
2975.0,1.0
3010.0,1.0
3015.0,2.0
3020.0,2.0
3025.0,1.0
3030.0,1.0
3035.0,2.0
3040.0,2.0
3045.0,1.0
3050.0,1.0
3055.0,2.0
3060.0,2.0
3065.0,1.0
3130.0,1.0
3135.0,2.0
3140.0,2.0
3145.0,1.0
3180.0,1.0
3185.0,2.0
3190.0,2.0
3195.0,1.0
3210.0,1.0
3215.0,3.0
3220.0,3.0
3225.0,1.0
3230.0,1.0
3235.0,3.0
3240.0,3.0
3245.0,1.0
3250.0,1.0
3255.0,2.0
3260.0,2.0
3265.0,1.0
3280.0,1.0
3285.0,3.0
3290.0,3.0
3295.0,1.0
3300.0,1.0
3305.0,2.0
3310.0,2.0
3315.0,1.0
3350.0,1.0
3355.0,4.0
3360.0,4.0
3365.0,1.0
3420.0,1.0
3425.0,2.0
3430.0,2.0
3435.0,1.0
3440.0,1.0
3445.0,2.0
3450.0,2.0
3455.0,1.0
3460.0,1.0
3465.0,2.0
3470.0,2.0
3475.0,4.0
3480.0,4.0
3485.0,1.0
3500.0,1.0
3505.0,2.0
3510.0,2.0
3515.0,1.0
3540.0,1.0
3545.0,2.0
3550.0,2.0
3555.0,4.0
3560.0,4.0
3565.0,1.0
3580.0,1.0
3585.0,2.0
3590.0,2.0
3595.0,1.0
