0.0,1.0
0.0,1.0
0.0,1.0
5.0,3.0
10.0,3.0
15.0,4.0
20.0,4.0
25.0,1.0
30.0,1.0
35.0,4.0
40.0,4.0
45.0,1.0
90.0,1.0
95.0,2.0
100.0,2.0
105.0,1.0
170.0,1.0
175.0,2.0
180.0,2.0
185.0,4.0
190.0,4.0
195.0,1.0
230.0,1.0
235.0,3.0
240.0,3.0
245.0,4.0
250.0,4.0
255.0,1.0
260.0,1.0
265.0,2.0
270.0,2.0
275.0,1.0
290.0,1.0
295.0,2.0
300.0,2.0
305.0,1.0
330.0,1.0
335.0,2.0
340.0,2.0
345.0,1.0
380.0,1.0
385.0,2.0
390.0,2.0
395.0,1.0
440.0,1.0
445.0,3.0
450.0,3.0
455.0,1.0
470.0,1.0
475.0,2.0
480.0,2.0
485.0,1.0
520.0,1.0
525.0,2.0
530.0,2.0
535.0,1.0
540.0,1.0
545.0,2.0
550.0,2.0
555.0,1.0
590.0,1.0
595.0,4.0
600.0,4.0
605.0,1.0
610.0,1.0
615.0,2.0
620.0,2.0
625.0,1.0
650.0,1.0
655.0,2.0
660.0,2.0
665.0,1.0
690.0,1.0
695.0,3.0
700.0,3.0
705.0,1.0
720.0,1.0
725.0,2.0
730.0,2.0
735.0,1.0
740.0,1.0
745.0,2.0
750.0,2.0
755.0,1.0
780.0,1.0
785.0,2.0
790.0,2.0
795.0,1.0
830.0,1.0
835.0,2.0
840.0,2.0
845.0,1.0
890.0,1.0
895.0,2.0
900.0,2.0
905.0,1.0
910.0,1.0
915.0,2.0
920.0,2.0
925.0,1.0
930.0,1.0
935.0,2.0
940.0,2.0
945.0,1.0
980.0,1.0
985.0,2.0
990.0,2.0
995.0,1.0
1020.0,1.0
1025.0,2.0
1030.0,2.0
1035.0,4.0
1040.0,4.0
1045.0,1.0
1070.0,1.0
1075.0,2.0
1080.0,2.0
1085.0,1.0
1140.0,1.0
1145.0,2.0
1150.0,2.0
1155.0,1.0
1160.0,1.0
1165.0,2.0
1170.0,2.0
1175.0,1.0
1200.0,1.0
1205.0,2.0
1210.0,2.0
1215.0,1.0
1240.0,1.0
1245.0,3.0
1250.0,3.0
1255.0,1.0
1290.0,1.0
1295.0,2.0
1300.0,2.0
1305.0,1.0
1310.0,1.0
1315.0,2.0
1320.0,2.0
1325.0,1.0
1340.0,1.0
1345.0,2.0
1350.0,2.0
1355.0,1.0
1390.0,1.0
1395.0,2.0
1400.0,2.0
1405.0,1.0
1410.0,1.0
1415.0,2.0
1420.0,2.0
1425.0,1.0
1440.0,1.0
1445.0,4.0
1450.0,4.0
1455.0,1.0
1460.0,1.0
1465.0,2.0
1470.0,2.0
1475.0,1.0
1500.0,1.0
1505.0,3.0
1510.0,3.0
1515.0,2.0
1520.0,2.0
1525.0,3.0
1530.0,3.0
1535.0,2.0
1540.0,2.0
1545.0,1.0
1570.0,1.0
1575.0,2.0
1580.0,2.0
1585.0,1.0
1590.0,1.0
1595.0,2.0
1600.0,2.0
1605.0,1.0
1620.0,1.0
1625.0,2.0
1630.0,2.0
1635.0,1.0
1640.0,1.0
1645.0,4.0
1650.0,4.0
1655.0,1.0
1670.0,1.0
1675.0,3.0
1680.0,3.0
1685.0,1.0
1690.0,1.0
1695.0,2.0
1700.0,2.0
1705.0,4.0
1710.0,4.0
1715.0,1.0
1730.0,1.0
1735.0,2.0
1740.0,2.0
1745.0,1.0
1770.0,1.0
1775.0,2.0
1780.0,2.0
1785.0,1.0
1810.0,1.0
1815.0,2.0
1820.0,2.0
1825.0,1.0
1840.0,1.0
1845.0,3.0
1850.0,3.0
1855.0,1.0
1860.0,1.0
1865.0,3.0
1870.0,3.0
1875.0,1.0
1880.0,1.0
1885.0,4.0
1890.0,4.0
1895.0,1.0
1900.0,1.0
1905.0,2.0
1910.0,2.0
1915.0,1.0
1940.0,1.0
1945.0,2.0
1960.0,2.0
1965.0,1.0
1970.0,1.0
1975.0,2.0
1980.0,2.0
1985.0,1.0
1990.0,1.0
1995.0,2.0
2000.0,2.0
2005.0,1.0
2050.0,1.0
2055.0,2.0
2060.0,2.0
2065.0,1.0
2070.0,1.0
2075.0,4.0
2080.0,4.0
2085.0,1.0
2090.0,1.0
2095.0,2.0
2100.0,2.0
2105.0,1.0
2110.0,1.0
2115.0,2.0
2120.0,2.0
2125.0,1.0
2130.0,1.0
2135.0,2.0
2140.0,2.0
2145.0,4.0
2160.0,4.0
2165.0,1.0
2190.0,1.0
2195.0,2.0
2200.0,2.0
2205.0,1.0
2210.0,1.0
2215.0,3.0
2220.0,3.0
2225.0,1.0
2230.0,1.0
2235.0,3.0
2240.0,3.0
2245.0,1.0
2250.0,1.0
2255.0,2.0
2260.0,2.0
2265.0,1.0
2290.0,1.0
2295.0,2.0
2300.0,2.0
2305.0,1.0
2340.0,1.0
2345.0,2.0
2350.0,2.0
2355.0,1.0
2360.0,1.0
2365.0,2.0
2370.0,2.0
2375.0,1.0
2400.0,1.0
2405.0,2.0
2410.0,2.0
2415.0,1.0
2420.0,1.0
2425.0,2.0
2430.0,2.0
2435.0,1.0
2530.0,1.0
2535.0,2.0
2540.0,2.0
2545.0,1.0
2570.0,1.0
2575.0,2.0
2580.0,2.0
2585.0,1.0
2590.0,1.0
2595.0,2.0
2600.0,2.0
2605.0,1.0
2610.0,1.0
2615.0,2.0
2620.0,2.0
2625.0,1.0
2650.0,1.0
2655.0,4.0
2660.0,4.0
2665.0,1.0
2670.0,1.0
2675.0,4.0
2680.0,4.0
2685.0,1.0
2690.0,1.0
2695.0,2.0
2700.0,2.0
2705.0,1.0
2710.0,1.0
2715.0,2.0
2720.0,2.0
2725.0,1.0
2730.0,1.0
2735.0,4.0
2740.0,4.0
2745.0,1.0
2750.0,1.0
2755.0,2.0
2760.0,2.0
2765.0,1.0
2770.0,1.0
2775.0,4.0
2780.0,4.0
2785.0,1.0
2830.0,1.0
2835.0,2.0
2840.0,2.0
2845.0,3.0
2850.0,3.0
2855.0,1.0
2860.0,1.0
2865.0,2.0
2870.0,2.0
2875.0,1.0
2880.0,1.0
2885.0,4.0
2890.0,4.0
2895.0,1.0
2900.0,1.0
2905.0,2.0
2910.0,2.0
2915.0,1.0
2920.0,1.0
2925.0,3.0
2930.0,3.0
2935.0,1.0
2940.0,1.0
2945.0,2.0
2950.0,2.0
2955.0,4.0
2960.0,4.0
2965.0,1.0
3000.0,1.0
3005.0,2.0
3010.0,2.0
3015.0,1.0
3040.0,1.0
3045.0,2.0
3050.0,2.0
3055.0,4.0
3060.0,4.0
3065.0,1.0
3080.0,1.0
3085.0,4.0
3090.0,4.0
3095.0,1.0
3100.0,1.0
3105.0,3.0
3110.0,3.0
3115.0,2.0
3120.0,2.0
3125.0,1.0
3130.0,1.0
3135.0,2.0
3140.0,2.0
3145.0,1.0
3180.0,1.0
3185.0,2.0
3190.0,2.0
3195.0,1.0
3210.0,1.0
3215.0,2.0
3220.0,2.0
3225.0,1.0
3270.0,1.0
3275.0,2.0
3280.0,2.0
3285.0,1.0
3300.0,1.0
3305.0,2.0
3310.0,2.0
3315.0,3.0
3320.0,3.0
3325.0,1.0
3330.0,1.0
3335.0,2.0
3340.0,2.0
3345.0,1.0
3420.0,1.0
3425.0,2.0
3430.0,2.0
3435.0,1.0
3460.0,1.0
3465.0,2.0
3470.0,2.0
3475.0,1.0
3490.0,1.0
3495.0,2.0
3500.0,2.0
3505.0,1.0
3510.0,1.0
3515.0,4.0
3520.0,4.0
3525.0,1.0
3530.0,1.0
3535.0,2.0
3540.0,2.0
3545.0,1.0
3580.0,1.0
3585.0,2.0
3590.0,2.0
3595.0,1.0
