0.0,1.0
0.0,1.0
10.0,1.0
15.0,4.0
30.0,4.0
35.0,1.0
50.0,1.0
55.0,3.0
60.0,3.0
65.0,1.0
110.0,1.0
115.0,3.0
120.0,3.0
125.0,1.0
130.0,1.0
135.0,2.0
140.0,2.0
145.0,1.0
210.0,1.0
215.0,3.0
220.0,3.0
225.0,2.0
230.0,2.0
235.0,1.0
250.0,1.0
255.0,2.0
260.0,2.0
265.0,3.0
270.0,3.0
275.0,1.0
300.0,1.0
305.0,2.0
310.0,2.0
315.0,1.0
320.0,1.0
325.0,3.0
330.0,3.0
335.0,1.0
340.0,1.0
345.0,2.0
350.0,2.0
355.0,4.0
360.0,4.0
365.0,1.0
370.0,1.0
375.0,2.0
380.0,2.0
385.0,1.0
420.0,1.0
425.0,2.0
430.0,2.0
435.0,1.0
440.0,1.0
445.0,2.0
450.0,2.0
455.0,1.0
470.0,1.0
475.0,3.0
480.0,3.0
485.0,1.0
490.0,1.0
495.0,2.0
500.0,2.0
505.0,1.0
570.0,1.0
575.0,2.0
580.0,2.0
585.0,3.0
590.0,3.0
595.0,1.0
600.0,1.0
605.0,2.0
610.0,2.0
615.0,1.0
620.0,1.0
625.0,4.0
630.0,4.0
635.0,1.0
640.0,1.0
645.0,2.0
650.0,2.0
655.0,1.0
660.0,1.0
665.0,2.0
670.0,2.0
675.0,1.0
680.0,1.0
685.0,3.0
690.0,3.0
695.0,1.0
710.0,1.0
715.0,2.0
720.0,2.0
725.0,4.0
730.0,4.0
735.0,1.0
740.0,1.0
745.0,2.0
750.0,2.0
755.0,1.0
770.0,1.0
775.0,2.0
780.0,2.0
785.0,1.0
790.0,1.0
795.0,2.0
800.0,2.0
805.0,1.0
840.0,1.0
845.0,2.0
850.0,2.0
855.0,1.0
890.0,1.0
895.0,2.0
900.0,2.0
905.0,1.0
910.0,1.0
915.0,2.0
920.0,2.0
925.0,1.0
950.0,1.0
955.0,4.0
960.0,4.0
965.0,1.0
980.0,1.0
985.0,4.0
990.0,4.0
995.0,2.0
1000.0,2.0
1005.0,4.0
1010.0,4.0
1015.0,1.0
1030.0,1.0
1035.0,2.0
1040.0,2.0
1045.0,1.0
1050.0,1.0
1055.0,2.0
1060.0,2.0
1065.0,1.0
1080.0,1.0
1085.0,2.0
1090.0,2.0
1095.0,1.0
1110.0,1.0
1115.0,3.0
1120.0,3.0
1125.0,1.0
1130.0,1.0
1135.0,2.0
1140.0,2.0
1145.0,1.0
1160.0,1.0
1165.0,2.0
1170.0,2.0
1175.0,1.0
1180.0,1.0
1185.0,2.0
1190.0,2.0
1195.0,1.0
1230.0,1.0
1235.0,2.0
1240.0,2.0
1245.0,1.0
1270.0,1.0
1275.0,2.0
1280.0,2.0
1285.0,1.0
1290.0,1.0
1295.0,4.0
1300.0,4.0
1305.0,1.0
1310.0,1.0
1315.0,2.0
1320.0,2.0
1325.0,1.0
1330.0,1.0
1335.0,2.0
1340.0,2.0
1345.0,1.0
1350.0,1.0
1355.0,3.0
1360.0,3.0
1365.0,1.0
1370.0,1.0
1375.0,3.0
1380.0,3.0
1385.0,1.0
1390.0,1.0
1395.0,4.0
1400.0,4.0
1405.0,2.0
1410.0,2.0
1415.0,1.0
1420.0,1.0
1425.0,2.0
1430.0,2.0
1435.0,1.0
1440.0,1.0
1445.0,2.0
1450.0,2.0
1455.0,1.0
1460.0,1.0
1465.0,2.0
1470.0,2.0
1475.0,1.0
1480.0,1.0
1485.0,3.0
1490.0,3.0
1495.0,2.0
1500.0,2.0
1505.0,1.0
1610.0,1.0
1615.0,2.0
1620.0,2.0
1625.0,1.0
1630.0,1.0
1635.0,2.0
1640.0,2.0
1645.0,3.0
1650.0,3.0
1655.0,1.0
1670.0,1.0
1675.0,3.0
1680.0,3.0
1685.0,2.0
1690.0,2.0
1695.0,1.0
1710.0,1.0
1715.0,2.0
1720.0,2.0
1725.0,1.0
1730.0,1.0
1735.0,2.0
1740.0,2.0
1745.0,1.0
1750.0,1.0
1755.0,2.0
1760.0,2.0
1765.0,1.0
1780.0,1.0
1785.0,2.0
1790.0,2.0
1795.0,1.0
1830.0,1.0
1835.0,2.0
1840.0,2.0
1845.0,1.0
1850.0,1.0
1855.0,2.0
1860.0,2.0
1865.0,1.0
1870.0,1.0
1875.0,2.0
1880.0,2.0
1885.0,1.0
1920.0,1.0
1925.0,2.0
1930.0,2.0
1935.0,1.0
1950.0,1.0
1955.0,4.0
1960.0,4.0
1965.0,1.0
2010.0,1.0
2015.0,3.0
2020.0,3.0
2025.0,2.0
2030.0,2.0
2035.0,1.0
2040.0,1.0
2045.0,2.0
2050.0,2.0
2055.0,1.0
2060.0,1.0
2065.0,3.0
2070.0,3.0
2075.0,2.0
2090.0,2.0
2095.0,1.0
2120.0,1.0
2125.0,2.0
2130.0,2.0
2135.0,1.0
2150.0,1.0
2155.0,2.0
2160.0,2.0
2165.0,1.0
2180.0,1.0
2185.0,2.0
2190.0,2.0
2195.0,1.0
2240.0,1.0
2245.0,2.0
2250.0,2.0
2255.0,4.0
2260.0,4.0
2265.0,1.0
2270.0,1.0
2275.0,2.0
2280.0,2.0
2285.0,1.0
2360.0,1.0
2365.0,2.0
2380.0,2.0
2385.0,1.0
2400.0,1.0
2405.0,2.0
2410.0,2.0
2415.0,1.0
2430.0,1.0
2435.0,4.0
2440.0,4.0
2445.0,2.0
2450.0,2.0
2455.0,1.0
2480.0,1.0
2485.0,2.0
2490.0,2.0
2495.0,1.0
2510.0,1.0
2515.0,2.0
2520.0,2.0
2525.0,1.0
2530.0,1.0
2535.0,2.0
2540.0,2.0
2545.0,1.0
2550.0,1.0
2555.0,3.0
2560.0,3.0
2565.0,1.0
2580.0,1.0
2585.0,2.0
2590.0,2.0
2595.0,1.0
2600.0,1.0
2605.0,2.0
2610.0,2.0
2615.0,1.0
2620.0,1.0
2625.0,3.0
2630.0,3.0
2635.0,1.0
2640.0,1.0
2645.0,2.0
2650.0,2.0
2655.0,1.0
2660.0,1.0
2665.0,3.0
2670.0,3.0
2675.0,1.0
2680.0,1.0
2685.0,2.0
2690.0,2.0
2695.0,1.0
2730.0,1.0
2735.0,2.0
2740.0,2.0
2745.0,1.0
2750.0,1.0
2755.0,2.0
2760.0,2.0
2765.0,1.0
2770.0,1.0
2775.0,4.0
2780.0,4.0
2785.0,1.0
2790.0,1.0
2795.0,2.0
2800.0,2.0
2805.0,1.0
2820.0,1.0
2825.0,2.0
2830.0,2.0
2835.0,1.0
2890.0,1.0
2895.0,2.0
2900.0,2.0
2905.0,1.0
2920.0,1.0
2925.0,2.0
2930.0,2.0
2935.0,1.0
2960.0,1.0
2965.0,4.0
2980.0,4.0
2985.0,1.0
2990.0,1.0
2995.0,2.0
3000.0,2.0
3005.0,3.0
3010.0,3.0
3015.0,1.0
3020.0,1.0
3025.0,2.0
3030.0,2.0
3035.0,1.0
3060.0,1.0
3065.0,3.0
3070.0,3.0
3075.0,4.0
3080.0,4.0
3085.0,1.0
3100.0,1.0
3105.0,2.0
3110.0,2.0
3115.0,1.0
3140.0,1.0
3145.0,2.0
3150.0,2.0
3155.0,1.0
3160.0,1.0
3165.0,2.0
3170.0,2.0
3175.0,3.0
3180.0,3.0
3185.0,1.0
3200.0,1.0
3205.0,2.0
3210.0,2.0
3215.0,1.0
3220.0,1.0
3225.0,2.0
3230.0,2.0
3235.0,1.0
3320.0,1.0
3325.0,3.0
3330.0,3.0
3335.0,2.0
3340.0,2.0
3345.0,1.0
3360.0,1.0
3365.0,3.0
3370.0,3.0
3375.0,1.0
3380.0,1.0
3385.0,2.0
3390.0,2.0
3395.0,1.0
3410.0,1.0
3415.0,2.0
3420.0,2.0
3425.0,1.0
3440.0,1.0
3445.0,2.0
3450.0,2.0
3455.0,1.0
3510.0,1.0
3515.0,2.0
3520.0,2.0
3525.0,1.0
3540.0,1.0
3545.0,2.0
3550.0,2.0
3555.0,1.0
3560.0,1.0
3565.0,2.0
3570.0,2.0
3575.0,1.0
3590.0,1.0
3595.0,2.0
