0.0,1.0
0.0,1.0
10.0,1.0
15.0,3.0
20.0,3.0
25.0,1.0
60.0,1.0
65.0,4.0
70.0,4.0
75.0,1.0
120.0,1.0
125.0,3.0
130.0,3.0
135.0,1.0
150.0,1.0
155.0,2.0
160.0,2.0
165.0,1.0
210.0,1.0
215.0,2.0
220.0,2.0
225.0,1.0
250.0,1.0
255.0,4.0
260.0,4.0
265.0,3.0
270.0,3.0
275.0,4.0
280.0,4.0
285.0,1.0
290.0,1.0
295.0,4.0
300.0,4.0
305.0,1.0
320.0,1.0
325.0,3.0
330.0,3.0
335.0,2.0
340.0,2.0
345.0,1.0
350.0,1.0
355.0,2.0
360.0,2.0
365.0,1.0
370.0,1.0
375.0,2.0
380.0,2.0
385.0,1.0
390.0,1.0
395.0,2.0
400.0,2.0
405.0,1.0
430.0,1.0
435.0,2.0
440.0,2.0
445.0,1.0
450.0,1.0
455.0,2.0
460.0,2.0
465.0,1.0
500.0,1.0
505.0,2.0
510.0,2.0
515.0,1.0
520.0,1.0
525.0,2.0
530.0,2.0
535.0,1.0
540.0,1.0
545.0,3.0
550.0,3.0
555.0,1.0
560.0,1.0
565.0,2.0
580.0,2.0
585.0,1.0
590.0,1.0
595.0,3.0
600.0,3.0
605.0,1.0
630.0,1.0
635.0,2.0
640.0,2.0
645.0,1.0
660.0,1.0
665.0,2.0
670.0,2.0
675.0,1.0
680.0,1.0
685.0,2.0
690.0,2.0
695.0,1.0
700.0,1.0
705.0,2.0
710.0,2.0
715.0,3.0
720.0,3.0
725.0,2.0
730.0,2.0
735.0,1.0
740.0,1.0
745.0,4.0
750.0,4.0
755.0,1.0
790.0,1.0
795.0,3.0
800.0,3.0
805.0,1.0
810.0,1.0
815.0,2.0
820.0,2.0
825.0,3.0
830.0,3.0
835.0,1.0
840.0,1.0
845.0,2.0
850.0,2.0
855.0,1.0
870.0,1.0
875.0,2.0
880.0,2.0
885.0,1.0
930.0,1.0
935.0,4.0
940.0,4.0
945.0,1.0
960.0,1.0
965.0,2.0
970.0,2.0
975.0,4.0
990.0,4.0
995.0,2.0
1000.0,2.0
1005.0,1.0
1020.0,1.0
1025.0,2.0
1030.0,2.0
1035.0,1.0
1060.0,1.0
1065.0,4.0
1070.0,4.0
1075.0,1.0
1090.0,1.0
1095.0,2.0
1100.0,2.0
1105.0,1.0
1110.0,1.0
1115.0,2.0
1120.0,2.0
1125.0,4.0
1130.0,4.0
1135.0,1.0
1170.0,1.0
1175.0,2.0
1180.0,2.0
1185.0,1.0
1210.0,1.0
1215.0,2.0
1220.0,2.0
1225.0,1.0
1250.0,1.0
1255.0,2.0
1260.0,2.0
1265.0,1.0
1270.0,1.0
1275.0,2.0
1280.0,2.0
1285.0,1.0
1310.0,1.0
1315.0,4.0
1320.0,4.0
1325.0,1.0
1330.0,1.0
1335.0,2.0
1340.0,2.0
1345.0,1.0
1380.0,1.0
1385.0,2.0
1390.0,2.0
1395.0,1.0
1400.0,1.0
1405.0,2.0
1410.0,2.0
1415.0,1.0
1430.0,1.0
1435.0,2.0
1440.0,2.0
1445.0,1.0
1510.0,1.0
1515.0,2.0
1520.0,2.0
1525.0,1.0
1530.0,1.0
1535.0,2.0
1540.0,2.0
1545.0,1.0
1570.0,1.0
1575.0,2.0
1580.0,2.0
1585.0,1.0
1590.0,1.0
1595.0,2.0
1600.0,2.0
1605.0,1.0
1610.0,1.0
1615.0,3.0
1630.0,3.0
1635.0,1.0
1640.0,1.0
1645.0,2.0
1650.0,2.0
1655.0,3.0
1660.0,3.0
1665.0,2.0
1670.0,2.0
1675.0,1.0
1680.0,1.0
1685.0,2.0
1690.0,2.0
1695.0,1.0
1710.0,1.0
1715.0,2.0
1720.0,2.0
1725.0,1.0
1750.0,1.0
1755.0,3.0
1760.0,3.0
1765.0,1.0
1770.0,1.0
1775.0,2.0
1780.0,2.0
1785.0,1.0
1810.0,1.0
1815.0,2.0
1820.0,2.0
1825.0,1.0
1830.0,1.0
1835.0,2.0
1840.0,2.0
1845.0,1.0
1850.0,1.0
1855.0,2.0
1860.0,2.0
1865.0,1.0
1870.0,1.0
1875.0,3.0
1880.0,3.0
1885.0,1.0
1900.0,1.0
1905.0,2.0
1910.0,2.0
1915.0,1.0
1960.0,1.0
1965.0,2.0
1970.0,2.0
1975.0,1.0
2000.0,1.0
2005.0,2.0
2010.0,2.0
2015.0,1.0
2030.0,1.0
2035.0,2.0
2040.0,2.0
2045.0,1.0
2050.0,1.0
2055.0,3.0
2060.0,3.0
2065.0,1.0
2070.0,1.0
2075.0,4.0
2080.0,4.0
2085.0,1.0
2110.0,1.0
2115.0,2.0
2120.0,2.0
2125.0,4.0
2130.0,4.0
2135.0,1.0
2150.0,1.0
2155.0,2.0
2160.0,2.0
2165.0,1.0
2190.0,1.0
2195.0,2.0
2200.0,2.0
2205.0,4.0
2210.0,4.0
2215.0,1.0
2220.0,1.0
2225.0,2.0
2230.0,2.0
2235.0,1.0
2240.0,1.0
2245.0,2.0
2250.0,2.0
2255.0,3.0
2270.0,3.0
2275.0,2.0
2280.0,2.0
2285.0,1.0
2300.0,1.0
2305.0,2.0
2310.0,2.0
2315.0,1.0
2350.0,1.0
2355.0,2.0
2360.0,2.0
2365.0,1.0
2400.0,1.0
2405.0,2.0
2410.0,2.0
2415.0,1.0
2430.0,1.0
2435.0,2.0
2440.0,2.0
2445.0,1.0
2490.0,1.0
2495.0,2.0
2500.0,2.0
2505.0,1.0
2510.0,1.0
2515.0,2.0
2520.0,2.0
2525.0,4.0
2530.0,4.0
2535.0,1.0
2580.0,1.0
2585.0,2.0
2590.0,2.0
2595.0,1.0
2610.0,1.0
2615.0,2.0
2620.0,2.0
2625.0,1.0
2650.0,1.0
2655.0,2.0
2660.0,2.0
2665.0,1.0
2690.0,1.0
2695.0,2.0
2700.0,2.0
2705.0,1.0
2710.0,1.0
2715.0,2.0
2720.0,2.0
2725.0,1.0
2740.0,1.0
2745.0,2.0
2750.0,2.0
2755.0,1.0
2760.0,1.0
2765.0,2.0
2770.0,2.0
2775.0,1.0
2810.0,1.0
2815.0,2.0
2820.0,2.0
2825.0,1.0
2830.0,1.0
2835.0,2.0
2840.0,2.0
2845.0,1.0
2860.0,1.0
2865.0,3.0
2870.0,3.0
2875.0,1.0
2890.0,1.0
2895.0,2.0
2900.0,2.0
2905.0,1.0
2910.0,1.0
2915.0,3.0
2920.0,3.0
2925.0,1.0
2960.0,1.0
2965.0,2.0
2970.0,2.0
2975.0,1.0
3000.0,1.0
3005.0,2.0
3010.0,2.0
3015.0,1.0
3020.0,1.0
3025.0,2.0
3030.0,2.0
3035.0,1.0
3040.0,1.0
3045.0,2.0
3050.0,2.0
3055.0,1.0
3120.0,1.0
3125.0,3.0
3130.0,3.0
3135.0,1.0
3150.0,1.0
3155.0,2.0
3160.0,2.0
3165.0,1.0
3180.0,1.0
3185.0,2.0
3190.0,2.0
3195.0,1.0
3200.0,1.0
3205.0,2.0
3210.0,2.0
3215.0,1.0
3240.0,1.0
3245.0,2.0
3250.0,2.0
3255.0,1.0
3260.0,1.0
3265.0,2.0
3270.0,2.0
3275.0,1.0
3280.0,1.0
3285.0,2.0
3290.0,2.0
3295.0,1.0
3300.0,1.0
3305.0,3.0
3310.0,3.0
3315.0,1.0
3350.0,1.0
3355.0,2.0
3360.0,2.0
3365.0,1.0
3390.0,1.0
3395.0,4.0
3410.0,4.0
3415.0,1.0
3420.0,1.0
3425.0,2.0
3430.0,2.0
3435.0,1.0
3440.0,1.0
3445.0,2.0
3450.0,2.0
3455.0,1.0
3470.0,1.0
3475.0,3.0
3480.0,3.0
3485.0,1.0
3530.0,1.0
3535.0,2.0
3540.0,2.0
3545.0,1.0
3550.0,1.0
3555.0,2.0
3560.0,2.0
3565.0,1.0
