0.0,1.0
0.0,1.0
0.0,1.0
5.0,4.0
10.0,4.0
15.0,2.0
30.0,2.0
35.0,3.0
40.0,3.0
45.0,2.0
80.0,2.0
85.0,1.0
110.0,1.0
115.0,2.0
120.0,2.0
125.0,1.0
170.0,1.0
175.0,2.0
180.0,2.0
185.0,1.0
200.0,1.0
205.0,2.0
210.0,2.0
215.0,1.0
230.0,1.0
235.0,2.0
240.0,2.0
245.0,1.0
250.0,1.0
255.0,2.0
260.0,2.0
265.0,1.0
270.0,1.0
275.0,2.0
280.0,2.0
285.0,1.0
320.0,1.0
325.0,2.0
330.0,2.0
335.0,1.0
340.0,1.0
345.0,4.0
350.0,4.0
355.0,1.0
370.0,1.0
375.0,2.0
380.0,2.0
385.0,1.0
400.0,1.0
405.0,2.0
410.0,2.0
415.0,1.0
420.0,1.0
425.0,2.0
440.0,2.0
445.0,1.0
480.0,1.0
485.0,2.0
490.0,2.0
495.0,1.0
500.0,1.0
505.0,2.0
510.0,2.0
515.0,1.0
550.0,1.0
555.0,4.0
560.0,4.0
565.0,1.0
570.0,1.0
575.0,2.0
590.0,2.0
595.0,1.0
630.0,1.0
635.0,2.0
640.0,2.0
645.0,1.0
690.0,1.0
695.0,2.0
700.0,2.0
705.0,1.0
720.0,1.0
725.0,2.0
730.0,2.0
735.0,1.0
750.0,1.0
755.0,2.0
760.0,2.0
765.0,1.0
770.0,1.0
775.0,2.0
780.0,2.0
785.0,1.0
810.0,1.0
815.0,2.0
820.0,2.0
825.0,1.0
830.0,1.0
835.0,2.0
850.0,2.0
855.0,1.0
870.0,1.0
875.0,2.0
880.0,2.0
885.0,1.0
910.0,1.0
915.0,3.0
920.0,3.0
925.0,1.0
930.0,1.0
935.0,2.0
940.0,2.0
945.0,4.0
960.0,4.0
965.0,1.0
970.0,1.0
975.0,3.0
980.0,3.0
985.0,1.0
1000.0,1.0
1005.0,2.0
1010.0,2.0
1015.0,1.0
1020.0,1.0
1025.0,2.0
1030.0,2.0
1035.0,1.0
1050.0,1.0
1055.0,2.0
1060.0,2.0
1065.0,4.0
1070.0,4.0
1075.0,1.0
1090.0,1.0
1095.0,2.0
1100.0,2.0
1105.0,1.0
1110.0,1.0
1115.0,2.0
1120.0,2.0
1125.0,1.0
1130.0,1.0
1135.0,2.0
1140.0,2.0
1145.0,1.0
1170.0,1.0
1175.0,3.0
1180.0,3.0
1185.0,1.0
1190.0,1.0
1195.0,2.0
1200.0,2.0
1205.0,3.0
1210.0,3.0
1215.0,1.0
1220.0,1.0
1225.0,2.0
1230.0,2.0
1235.0,1.0
1250.0,1.0
1255.0,2.0
1260.0,2.0
1265.0,1.0
1290.0,1.0
1295.0,2.0
1300.0,2.0
1305.0,1.0
1310.0,1.0
1315.0,2.0
1320.0,2.0
1325.0,1.0
1330.0,1.0
1335.0,4.0
1340.0,4.0
1345.0,1.0
1350.0,1.0
1355.0,3.0
1360.0,3.0
1365.0,1.0
1370.0,1.0
1375.0,4.0
1380.0,4.0
1385.0,1.0
1400.0,1.0
1405.0,2.0
1410.0,2.0
1415.0,1.0
1420.0,1.0
1425.0,4.0
1430.0,4.0
1435.0,1.0
1450.0,1.0
1455.0,2.0
1460.0,2.0
1465.0,1.0
1490.0,1.0
1495.0,2.0
1500.0,2.0
1505.0,1.0
1510.0,1.0
1515.0,2.0
1520.0,2.0
1525.0,1.0
1530.0,1.0
1535.0,2.0
1540.0,2.0
1545.0,1.0
1570.0,1.0
1575.0,2.0
1580.0,2.0
1585.0,1.0
1610.0,1.0
1615.0,2.0
1620.0,2.0
1625.0,1.0
1630.0,1.0
1635.0,2.0
1660.0,2.0
1665.0,1.0
1690.0,1.0
1695.0,2.0
1700.0,2.0
1705.0,1.0
1710.0,1.0
1715.0,2.0
1730.0,2.0
1735.0,1.0
1740.0,1.0
1745.0,2.0
1750.0,2.0
1755.0,4.0
1760.0,4.0
1765.0,1.0
1770.0,1.0
1775.0,2.0
1780.0,2.0
1785.0,1.0
1790.0,1.0
1795.0,3.0
1800.0,3.0
1805.0,1.0
1810.0,1.0
1815.0,2.0
1820.0,2.0
1825.0,1.0
1860.0,1.0
1865.0,2.0
1870.0,2.0
1875.0,1.0
1890.0,1.0
1895.0,2.0
1900.0,2.0
1905.0,1.0
1910.0,1.0
1915.0,2.0
1920.0,2.0
1925.0,1.0
1930.0,1.0
1935.0,4.0
1940.0,4.0
1945.0,1.0
1960.0,1.0
1965.0,2.0
1970.0,2.0
1975.0,1.0
2000.0,1.0
2005.0,2.0
2010.0,2.0
2015.0,1.0
2020.0,1.0
2025.0,4.0
2030.0,4.0
2035.0,1.0
2040.0,1.0
2045.0,2.0
2050.0,2.0
2055.0,1.0
2060.0,1.0
2065.0,3.0
2070.0,3.0
2075.0,1.0
2100.0,1.0
2105.0,2.0
2110.0,2.0
2115.0,1.0
2160.0,1.0
2165.0,2.0
2170.0,2.0
2175.0,1.0
2180.0,1.0
2185.0,2.0
2190.0,2.0
2195.0,4.0
2200.0,4.0
2205.0,1.0
2210.0,1.0
2215.0,2.0
2220.0,2.0
2225.0,1.0
2240.0,1.0
2245.0,2.0
2250.0,2.0
2255.0,1.0
2280.0,1.0
2285.0,2.0
2290.0,2.0
2295.0,1.0
2300.0,1.0
2305.0,4.0
2310.0,4.0
2315.0,1.0
2320.0,1.0
2325.0,2.0
2330.0,2.0
2335.0,1.0
2340.0,1.0
2345.0,2.0
2350.0,2.0
2355.0,1.0
2380.0,1.0
2385.0,4.0
2390.0,4.0
2395.0,1.0
2400.0,1.0
2405.0,2.0
2410.0,2.0
2415.0,1.0
2420.0,1.0
2425.0,4.0
2430.0,4.0
2435.0,1.0
2440.0,1.0
2445.0,2.0
2450.0,2.0
2455.0,1.0
2460.0,1.0
2465.0,2.0
2470.0,2.0
2475.0,1.0
2480.0,1.0
2485.0,2.0
2490.0,2.0
2495.0,1.0
2520.0,1.0
2525.0,2.0
2530.0,2.0
2535.0,3.0
2540.0,3.0
2545.0,1.0
2570.0,1.0
2575.0,2.0
2580.0,2.0
2585.0,1.0
2590.0,1.0
2595.0,2.0
2600.0,2.0
2605.0,1.0
2650.0,1.0
2655.0,2.0
2660.0,2.0
2665.0,1.0
2670.0,1.0
2675.0,2.0
2680.0,2.0
2685.0,1.0
2690.0,1.0
2695.0,2.0
2700.0,2.0
2705.0,1.0
2730.0,1.0
2735.0,2.0
2740.0,2.0
2745.0,1.0
2780.0,1.0
2785.0,2.0
2790.0,2.0
2795.0,1.0
2800.0,1.0
2805.0,2.0
2810.0,2.0
2815.0,1.0
2840.0,1.0
2845.0,2.0
2850.0,2.0
2855.0,1.0
2880.0,1.0
2885.0,2.0
2900.0,2.0
2905.0,1.0
2930.0,1.0
2935.0,2.0
2940.0,2.0
2945.0,1.0
2960.0,1.0
2965.0,2.0
2970.0,2.0
2975.0,1.0
3020.0,1.0
3025.0,3.0
3030.0,3.0
3035.0,2.0
3040.0,2.0
3045.0,4.0
3050.0,4.0
3055.0,2.0
3060.0,2.0
3065.0,1.0
3070.0,1.0
3075.0,4.0
3080.0,4.0
3085.0,1.0
3110.0,1.0
3115.0,2.0
3120.0,2.0
3125.0,1.0
3130.0,1.0
3135.0,2.0
3140.0,2.0
3145.0,4.0
3150.0,4.0
3155.0,1.0
3170.0,1.0
3175.0,2.0
3180.0,2.0
3185.0,1.0
3210.0,1.0
3215.0,2.0
3220.0,2.0
3225.0,1.0
3260.0,1.0
3265.0,2.0
3270.0,2.0
3275.0,1.0
3290.0,1.0
3295.0,4.0
3300.0,4.0
3305.0,2.0
3310.0,2.0
3315.0,1.0
3330.0,1.0
3335.0,3.0
3340.0,3.0
3345.0,1.0
3350.0,1.0
3355.0,3.0
3360.0,3.0
3365.0,1.0
3390.0,1.0
3395.0,2.0
3400.0,2.0
3405.0,3.0
3420.0,3.0
3425.0,1.0
3430.0,1.0
3435.0,2.0
3440.0,2.0
3445.0,1.0
3470.0,1.0
3475.0,2.0
3480.0,2.0
3485.0,1.0
3520.0,1.0
3525.0,2.0
3530.0,2.0
3535.0,1.0
3560.0,1.0
3565.0,2.0
3580.0,2.0
3585.0,1.0
