0.0,1.0
0.0,1.0
0.0,1.0
5.0,4.0
30.0,4.0
35.0,1.0
70.0,1.0
75.0,3.0
80.0,3.0
85.0,1.0
90.0,1.0
95.0,4.0
100.0,4.0
105.0,3.0
110.0,3.0
115.0,1.0
120.0,1.0
125.0,4.0
130.0,4.0
135.0,1.0
160.0,1.0
165.0,4.0
170.0,4.0
175.0,1.0
240.0,1.0
245.0,2.0
250.0,2.0
255.0,1.0
270.0,1.0
275.0,2.0
280.0,2.0
285.0,1.0
290.0,1.0
295.0,2.0
300.0,2.0
305.0,1.0
370.0,1.0
375.0,2.0
390.0,2.0
395.0,3.0
400.0,3.0
405.0,1.0
410.0,1.0
415.0,3.0
420.0,3.0
425.0,1.0
440.0,1.0
445.0,2.0
450.0,2.0
455.0,1.0
480.0,1.0
485.0,2.0
500.0,2.0
505.0,1.0
560.0,1.0
565.0,2.0
570.0,2.0
575.0,1.0
580.0,1.0
585.0,2.0
590.0,2.0
595.0,1.0
610.0,1.0
615.0,4.0
620.0,4.0
625.0,1.0
660.0,1.0
665.0,2.0
670.0,2.0
675.0,1.0
680.0,1.0
685.0,3.0
690.0,3.0
695.0,1.0
710.0,1.0
715.0,2.0
720.0,2.0
725.0,1.0
740.0,1.0
745.0,2.0
750.0,2.0
755.0,1.0
770.0,1.0
775.0,3.0
780.0,3.0
785.0,1.0
790.0,1.0
795.0,2.0
800.0,2.0
805.0,1.0
820.0,1.0
825.0,2.0
830.0,2.0
835.0,3.0
840.0,3.0
845.0,1.0
850.0,1.0
855.0,2.0
860.0,2.0
865.0,3.0
870.0,3.0
875.0,4.0
880.0,4.0
885.0,1.0
900.0,1.0
905.0,2.0
910.0,2.0
915.0,1.0
960.0,1.0
965.0,2.0
970.0,2.0
975.0,1.0
1000.0,1.0
1005.0,2.0
1010.0,2.0
1015.0,1.0
1020.0,1.0
1025.0,2.0
1030.0,2.0
1035.0,1.0
1080.0,1.0
1085.0,2.0
1090.0,2.0
1095.0,1.0
1120.0,1.0
1125.0,4.0
1130.0,4.0
1135.0,2.0
1140.0,2.0
1145.0,1.0
1190.0,1.0
1195.0,2.0
1200.0,2.0
1205.0,1.0
1210.0,1.0
1215.0,2.0
1220.0,2.0
1225.0,1.0
1260.0,1.0
1265.0,2.0
1270.0,2.0
1275.0,1.0
1300.0,1.0
1305.0,2.0
1310.0,2.0
1315.0,1.0
1320.0,1.0
1325.0,3.0
1330.0,3.0
1335.0,1.0
1350.0,1.0
1355.0,2.0
1360.0,2.0
1365.0,1.0
1370.0,1.0
1375.0,4.0
1390.0,4.0
1395.0,1.0
1430.0,1.0
1435.0,2.0
1440.0,2.0
1445.0,1.0
1450.0,1.0
1455.0,2.0
1460.0,2.0
1465.0,1.0
1470.0,1.0
1475.0,2.0
1480.0,2.0
1485.0,1.0
1570.0,1.0
1575.0,4.0
1580.0,4.0
1585.0,1.0
1590.0,1.0
1595.0,2.0
1600.0,2.0
1605.0,4.0
1610.0,4.0
1615.0,1.0
1640.0,1.0
1645.0,2.0
1650.0,2.0
1655.0,1.0
1680.0,1.0
1685.0,2.0
1690.0,2.0
1695.0,1.0
1700.0,1.0
1705.0,2.0
1710.0,2.0
1715.0,1.0
1720.0,1.0
1725.0,2.0
1730.0,2.0
1735.0,1.0
1770.0,1.0
1775.0,2.0
1780.0,2.0
1785.0,1.0
1800.0,1.0
1805.0,2.0
1810.0,2.0
1815.0,1.0
1820.0,1.0
1825.0,2.0
1830.0,2.0
1835.0,1.0
1860.0,1.0
1865.0,2.0
1880.0,2.0
1885.0,1.0
1890.0,1.0
1895.0,4.0
1900.0,4.0
1905.0,1.0
1920.0,1.0
1925.0,2.0
1930.0,2.0
1935.0,1.0
1940.0,1.0
1945.0,2.0
1950.0,2.0
1955.0,1.0
1980.0,1.0
1985.0,2.0
1990.0,2.0
1995.0,1.0
2050.0,1.0
2055.0,2.0
2060.0,2.0
2065.0,1.0
2090.0,1.0
2095.0,3.0
2100.0,3.0
2105.0,1.0
2110.0,1.0
2115.0,2.0
2120.0,2.0
2125.0,1.0
2160.0,1.0
2165.0,2.0
2170.0,2.0
2175.0,4.0
2180.0,4.0
2185.0,2.0
2190.0,2.0
2195.0,1.0
2230.0,1.0
2235.0,2.0
2240.0,2.0
2245.0,1.0
2300.0,1.0
2305.0,3.0
2310.0,3.0
2315.0,2.0
2320.0,2.0
2325.0,3.0
2330.0,3.0
2335.0,1.0
2350.0,1.0
2355.0,2.0
2360.0,2.0
2365.0,1.0
2370.0,1.0
2375.0,2.0
2380.0,2.0
2385.0,1.0
2390.0,1.0
2395.0,2.0
2400.0,2.0
2405.0,1.0
2410.0,1.0
2415.0,2.0
2420.0,2.0
2425.0,1.0
2440.0,1.0
2445.0,2.0
2450.0,2.0
2455.0,1.0
2520.0,1.0
2525.0,2.0
2530.0,2.0
2535.0,1.0
2570.0,1.0
2575.0,2.0
2580.0,2.0
2585.0,1.0
2590.0,1.0
2595.0,2.0
2600.0,2.0
2605.0,1.0
2620.0,1.0
2625.0,4.0
2630.0,4.0
2635.0,1.0
2650.0,1.0
2655.0,2.0
2660.0,2.0
2665.0,1.0
2680.0,1.0
2685.0,2.0
2690.0,2.0
2695.0,1.0
2730.0,1.0
2735.0,2.0
2740.0,2.0
2745.0,1.0
2760.0,1.0
2765.0,3.0
2770.0,3.0
2775.0,1.0
2780.0,1.0
2785.0,2.0
2800.0,2.0
2805.0,1.0
2830.0,1.0
2835.0,2.0
2840.0,2.0
2845.0,1.0
2850.0,1.0
2855.0,2.0
2860.0,2.0
2865.0,1.0
2900.0,1.0
2905.0,2.0
2910.0,2.0
2915.0,1.0
2950.0,1.0
2955.0,2.0
2960.0,2.0
2965.0,1.0
3020.0,1.0
3025.0,2.0
3030.0,2.0
3035.0,1.0
3060.0,1.0
3065.0,2.0
3080.0,2.0
3085.0,1.0
3100.0,1.0
3105.0,2.0
3110.0,2.0
3115.0,1.0
3130.0,1.0
3135.0,3.0
3140.0,3.0
3145.0,4.0
3150.0,4.0
3155.0,1.0
3160.0,1.0
3165.0,2.0
3170.0,2.0
3175.0,1.0
3180.0,1.0
3185.0,2.0
3190.0,2.0
3195.0,1.0
3240.0,1.0
3245.0,2.0
3250.0,2.0
3255.0,1.0
3310.0,1.0
3315.0,2.0
3320.0,2.0
3325.0,1.0
3360.0,1.0
3365.0,2.0
3370.0,2.0
3375.0,1.0
3380.0,1.0
3385.0,4.0
3390.0,4.0
3395.0,1.0
3400.0,1.0
3405.0,2.0
3410.0,2.0
3415.0,1.0
3420.0,1.0
3425.0,3.0
3430.0,3.0
3435.0,1.0
3440.0,1.0
3445.0,2.0
3450.0,2.0
3455.0,1.0
3500.0,1.0
3505.0,4.0
3510.0,4.0
3515.0,1.0
3520.0,1.0
3525.0,2.0
3540.0,2.0
3545.0,1.0
3560.0,1.0
3565.0,2.0
3570.0,2.0
3575.0,1.0
3590.0,1.0
3595.0,2.0
